3.403418270080542764e-07 0.000000000000000000e+00
3.894332055525050791e-07 -2.244183071554305278e-09
4.456055928245095229e-07 9.143515360445963145e-10
5.098803633726617837e-07 5.632022118066064022e-10
5.834262162312545152e-07 -2.599005224915091390e-09
7.835620948391231773e-07 1.756867665745391262e-09
1.052351675992943066e-06 -2.269401237180704377e-09
1.413345613906586624e-06 5.882857169387874868e-09
1.898173272223882157e-06 -2.230452188939694911e-08
2.549314007793184924e-06 1.016374259231831865e-07
3.423819103045067332e-06 1.935954928144294237e-07
4.598310453141707125e-06 -4.580948855913708950e-08
6.175693980053189207e-06 2.094590816443066483e-07
7.289185933311182252e-06 1.416712281304063124e-07
8.603443069225660516e-06 1.989886931775992318e-07
1.015466381604800938e-05 2.541624366749563939e-07
1.198557326261237418e-05 2.207309147905871733e-07
1.414659993041713891e-05 2.994571859593259733e-07
1.669726472036581587e-05 3.438063454815264076e-07
1.970782028992102702e-05 4.106438596352580865e-07
2.326118601365949576e-05 5.279542064718012394e-07
2.595770674327816063e-05 6.017142564819734329e-07
2.896681789889632235e-05 5.976523418593493654e-07
3.232475609214196404e-05 6.958161368556357899e-07
3.607195861359959946e-05 7.633773679992629013e-07
4.025355039066436195e-05 8.591932879799774865e-07
4.491988739538685615e-05 9.769554542541072451e-07
5.012716304602075239e-05 1.085350519798665663e-06
5.593808490491983129e-05 1.192719829491219252e-06
6.149887752576048449e-05 1.320746794928188903e-06
6.761246730836976439e-05 1.481418204974863014e-06
7.433380769609042467e-05 1.586725797278848191e-06
8.172331504190845776e-05 1.765763151859693495e-06
8.859169099627531448e-05 1.905792685445348185e-06
9.603731456018932693e-05 2.064381748812757708e-06
1.041087000847698189e-04 2.228022446997834029e-06
1.128584392741213596e-04 2.418136979259860576e-06
1.210792275924132966e-04 2.611185187743876440e-06
1.298988312143348114e-04 2.790711303412744168e-06
1.393608687994925472e-04 3.008426015048138467e-06
1.495121362600655690e-04 3.223462578996176942e-06
1.591430890128949730e-04 3.417616775580356563e-06
1.693944278643642030e-04 3.645701025252855747e-06
1.803061155183320466e-04 3.870690332445322629e-06
1.919206889103806110e-04 4.136684406279775091e-06
2.030185889254069629e-04 4.380034161504033023e-06
2.147582299921141184e-04 4.612106990364225449e-06
2.271767210749811865e-04 4.885859464205435571e-06
2.403133169810398333e-04 5.181824878907505933e-06
2.529328972469613366e-04 5.435220530827882172e-06
2.662151699016530610e-04 5.723176259803142309e-06
2.801949349299759340e-04 6.025793021271949207e-06
2.949088197694762895e-04 6.352716654602894153e-06
3.091028754078867062e-04 6.656723434849147383e-06
3.239800954752560902e-04 6.963793384918712121e-06
3.395733608937232407e-04 7.312089463813753283e-06
3.559171351545445394e-04 7.654030834625978255e-06
3.717366930306921936e-04 7.995156571186756605e-06
3.882593876391159668e-04 8.357856618835389658e-06
4.055164715135619441e-04 8.723829015115035676e-06
4.235405862784762609e-04 9.113012401368881388e-06
4.410350577368631910e-04 9.492647090898461297e-06
4.592521436070922010e-04 9.883531609504816497e-06
4.782216916949065663e-04 1.028835931290654150e-05
4.979747826788511866e-04 1.071397547705808965e-05
5.183551380644890608e-04 1.115484648414012209e-05
5.395695896731415300e-04 1.161236495479655880e-05
5.616522741289781389e-04 1.208594019799060736e-05
5.846387251458985777e-04 1.257671274609639201e-05
6.085603277377317705e-04 1.309070508510076177e-05
6.334607280828071212e-04 1.363211220090129610e-05
6.593799755481508096e-04 1.418932096677739653e-05
6.863597581963434835e-04 1.476819102606569139e-05
7.144433058895992847e-04 1.537226432966473183e-05
7.436759385078795491e-04 1.600320077779389868e-05
7.741046727658943858e-04 1.665641845458465403e-05
8.057784491454409413e-04 1.734030329543031858e-05
8.387482100724278234e-04 1.804668977170000306e-05
8.730669834188601588e-04 1.878554251312043318e-05
9.087899662648151388e-04 1.955332376679097596e-05
9.459746141694773533e-04 2.035373344565462997e-05
9.846807407695380883e-04 2.118909185503500863e-05
1.024970592994262899e-03 2.205666663618844765e-05
1.066908971614000719e-03 2.295381400604335848e-05
1.110563328831981568e-03 2.389471172109458114e-05
1.156003888824109213e-03 2.487652699320050937e-05
1.203303725489844166e-03 2.588962182079442226e-05
1.252538914251525269e-03 2.695368568147184818e-05
1.303788643283171475e-03 2.805245746916709939e-05
1.357135360524827639e-03 2.920122497471001796e-05
1.412664848919677934e-03 3.039777482518437387e-05
1.470466420241276157e-03 3.163863704790101437e-05
1.530633040603948799e-03 3.293668864779913588e-05
1.593261511915027408e-03 3.428142515520373937e-05
1.658452534349805219e-03 3.568470092373996708e-05
1.726310959075367732e-03 3.714677642450699651e-05
1.796945927422107956e-03 3.866578159221499068e-05
1.870471098229383898e-03 4.024659236531501021e-05
1.947004679395294372e-03 4.189389081099054488e-05
2.026669765267073708e-03 4.360769174867967047e-05
2.109594486811236513e-03 4.539258225492040033e-05
2.195912301575721377e-03 4.724967842446368933e-05
2.285761963428792776e-03 4.918299104977791244e-05
2.379287984181938532e-03 5.119511333538782785e-05
2.476640788606519934e-03 5.329068325874572400e-05
2.577977092170592299e-03 5.547120251879019461e-05
2.683459756590121734e-03 5.774117275268719762e-05
2.793258437830621003e-03 6.010364434535849930e-05
2.907549733641478021e-03 6.256178791528198225e-05
3.026517687355980129e-03 6.512245727768027105e-05
3.150353442245794940e-03 6.778613334088717801e-05
3.279256173698267499e-03 7.055956561038764113e-05
3.413433206742976476e-03 7.344848348316222991e-05
3.553100705187971393e-03 7.645241621873893737e-05
3.698482980791280555e-03 7.958113965643409096e-05
3.849813865177177837e-03 8.283716837505573948e-05
4.007336757661341016e-03 8.622686594753866177e-05
4.171305592298338999e-03 8.975508847025497690e-05
4.341983565786832963e-03 9.342676099791615463e-05
4.519645197027255708e-03 9.724934390161541333e-05
4.704576237452332346e-03 1.012300402923208762e-04
4.897075062028899244e-03 1.053713663132220426e-04
5.097450429697684450e-03 1.096821355831567330e-04
5.306024627780408717e-03 1.141707830253953503e-04
5.523133130751042320e-03 1.188424278181102683e-04
5.749126646874922787e-03 1.237052966054083883e-04
5.984367282000887037e-03 1.287660965436785354e-04
6.229233406316672834e-03 1.340353768349931279e-04
6.484118872035103502e-03 1.395205930257997643e-04
6.749436085620373789e-03 1.452293955842109247e-04
7.025609550488918706e-03 1.511701390076584429e-04
7.313083482795127398e-03 1.573569114050289372e-04
7.612320275131031350e-03 1.637961493025582877e-04
7.923805186742632553e-03 1.704980168374134551e-04
8.248035601258085769e-03 1.774737050140557477e-04
8.585533045847502237e-03 1.847357107206994955e-04
8.936840387798447582e-03 1.922967605833580441e-04
9.302529093933404811e-03 2.001642090701092778e-04
9.683181503568233026e-03 2.083531032278379146e-04
1.007940992006456371e-02 2.168800500032670134e-04
1.049185170175881941e-02 2.257561035694600538e-04
1.092118062232738662e-02 2.349925882619377266e-04
1.136807777844159491e-02 2.446072369192778002e-04
1.183326206623837654e-02 2.546179849693039321e-04
1.231748179923560296e-02 2.650379019607920555e-04
1.282153263845440920e-02 2.758827116567128066e-04
1.334621003532767379e-02 2.871707613184644372e-04
1.389235806122834926e-02 2.989232715954009381e-04
1.446085532825151961e-02 3.111570946618531200e-04
1.505264347536823359e-02 3.238891111305777239e-04
1.566864963747313655e-02 3.371422939258284651e-04
1.630986489938469203e-02 3.509404187233120431e-04
1.697732090454106765e-02 3.653038828438206543e-04
1.767213533863903549e-02 3.802528599489548504e-04
1.839538577276731562e-02 3.958123754447800805e-04
1.914823597967847332e-02 4.120128381108195811e-04
1.993189736070153859e-02 4.288772273155751972e-04
2.074770184652741795e-02 4.464287848263959451e-04
2.159689687952407941e-02 4.646977859308208301e-04
2.248084912126777427e-02 4.837196452602296557e-04
2.340098117022897800e-02 5.035204021811623193e-04
2.435888874921388059e-02 5.241290792140604641e-04
2.535600780071359250e-02 5.455802949764531392e-04
2.639394342693626369e-02 5.679151217436599662e-04
2.747436643415860150e-02 5.911652211638526895e-04
2.859920214417768086e-02 6.153648294500130940e-04
2.977009006717920570e-02 6.405541300558863010e-04
3.098891563967318477e-02 6.667812497717294203e-04
3.225764149035830614e-02 6.940826577791888103e-04
3.357861222755600256e-02 7.225014579066636093e-04
3.495367754848680009e-02 7.520829639755217478e-04
3.638505266042563191e-02 7.828827172373294683e-04
3.787504348477938043e-02 8.149448737593899912e-04
3.942653947758182481e-02 8.483225004628670981e-04
4.104159024403262329e-02 8.830655381584592454e-04
4.272279921287387011e-02 9.192402091416169898e-04
4.447287645850840632e-02 9.568978600706966927e-04
4.629543683650211294e-02 9.961054064062653621e-04
4.819268827556945356e-02 1.036917644355929554e-03
5.016769171934690880e-02 1.079412317241770693e-03
5.222363355319606382e-02 1.123649521890991362e-03
5.436512041939701306e-02 1.169715656037640219e-03
5.659442128254145443e-02 1.217668326511660683e-03
5.891513705103460646e-02 1.267598614153249079e-03
6.133101629252735165e-02 1.319577345914382804e-03
6.384806001181367319e-02 1.373718763327869130e-03
6.646840397730187366e-02 1.430078666104665991e-03
6.919628766286994859e-02 1.488764794690298652e-03
7.203612453152996586e-02 1.549860142999566742e-03
7.499593201906429307e-02 1.613519489835772095e-03
7.807735155083934953e-02 1.679790084723757756e-03
8.128537990097807475e-02 1.748798357812598970e-03
8.462521915000748018e-02 1.820642314894909981e-03
8.810788468064888190e-02 1.895538040599635196e-03
9.173387579814686055e-02 1.973509810156241599e-03
9.550909092247582277e-02 2.054706979699173243e-03
9.943967121709124113e-02 2.139245225204784197e-03
1.035412106698061219e-01 2.227434682489980687e-03
1.078119243130068877e-01 2.319253009753874644e-03
1.122587899917906196e-01 2.414876636292057933e-03
1.168890733629053269e-01 2.514442147326381976e-03
1.217255477254270551e-01 2.618408953185733488e-03
1.267621390329654041e-01 2.726665082951905839e-03
1.320071274475388134e-01 2.839419529054609294e-03
1.374691357362698152e-01 2.956834056480141942e-03
1.431825012264921482e-01 3.079610119106040989e-03
1.491333203462158752e-01 3.207470231260920162e-03
1.553314619242827377e-01 3.340663191985936056e-03
1.617872049487155683e-01 3.479381078287153810e-03
1.685540693068909579e-01 3.624728814129431209e-03
1.756039625563295403e-01 3.776127463213741885e-03
1.829487225807129858e-01 3.933874477281189795e-03
1.906006823917143767e-01 4.098199305708343475e-03
1.986463203880967088e-01 4.270902725044376132e-03
2.070315809396689466e-01 4.450851777937172606e-03
2.157708001972035161e-01 4.638405343871873643e-03
2.248789194693827931e-01 4.833839704602303083e-03
2.345017228850466984e-01 5.040210364758471520e-03
2.445362960912723371e-01 5.255340015104328216e-03
2.550002591467624424e-01 5.479667327292640604e-03
2.659119860907745991e-01 5.713529300958588089e-03
2.775313535178459134e-01 5.962397897726601746e-03
2.896584442009756954e-01 6.222021062030570239e-03
3.023154437631384028e-01 6.492947048587711760e-03
3.155255072567168528e-01 6.775596275607194234e-03
3.297928856043906287e-01 7.080615877352130355e-03
3.447054038226194383e-01 7.399217067046275249e-03
3.602922337356218030e-01 7.732112783193877993e-03
3.765838662540606507e-01 8.079852197366848773e-03
3.947239260059013932e-01 8.466605526857769529e-03
4.137377931544369836e-01 8.871584885080299049e-03
4.336675590365181021e-01 9.295796817311074989e-03
4.545573425304545445e-01 9.740059495484752750e-03
4.803582749805102581e-01 1.028779921327988706e-02
5.076236829829892105e-01 1.086555368070759447e-02
5.364366910004175759e-01 1.147544079790622541e-02
5.668851416870410720e-01 1.211871311500512319e-02
5.964921975917587549e-01 1.274258894087892599e-02
6.276455592553791263e-01 1.339751836876691519e-02
6.604259865321515655e-01 1.408527011770763053e-02
6.949184571690891765e-01 1.480694536929891454e-02
7.244699591152289342e-01 1.542333699264200261e-02
7.552781427028821826e-01 1.606419659586599824e-02
7.873964484890018101e-01 1.673047404442946223e-02
8.208805895989467194e-01 1.742286673169536615e-02
8.514833756162999423e-01 1.805347645800649617e-02
8.832270468293049737e-01 1.870539782248085287e-02
9.161541359349593128e-01 1.937928637515283145e-02
9.503087612674869789e-01 2.007561039475228709e-02
9.826007717966979138e-01 2.073124846180602818e-02
1.015990082473612555e+00 2.140636224873864596e-02
1.050513980155875826e+00 2.210141645957642079e-02
1.086211018729420497e+00 2.281672488284764572e-02
1.120469817959088621e+00 2.349980810105527229e-02
1.155809130370948123e+00 2.420086935879290149e-02
1.192263035056007503e+00 2.492021225498079751e-02
1.229866685951412242e+00 2.565801617817111552e-02
1.266256858951416930e+00 2.636773203544771557e-02
1.303723770354582978e+00 2.709394209671324091e-02
1.342299279464412853e+00 2.783679771570472458e-02
1.382016188261379064e+00 2.859634657677100067e-02
1.420657967132203048e+00 2.932998560040517982e-02
1.460380187091592452e+00 3.007849474098252610e-02
1.501213057745790280e+00 3.084187237161188297e-02
1.543187633375454837e+00 3.162003008390453646e-02
1.584182064239441301e+00 3.237338007206361223e-02
1.626265502899035376e+00 3.313974027177885029e-02
1.669466878598764970e+00 3.391895050486599950e-02
1.713815889085100297e+00 3.471077838553621869e-02
1.757257170757228204e+00 3.547823240008696893e-02
1.801799588768514093e+00 3.625653082645845238e-02
1.847471054385812161e+00 3.704534685602993427e-02
1.894300186362918526e+00 3.784429471099812203e-02
1.940283535891730082e+00 3.861885048118865460e-02
1.987383112114045947e+00 3.940172236701450920e-02
2.035626010969584954e+00 4.019240805855301552e-02
2.085039986138882639e+00 4.099035875372440685e-02
2.133668007608409134e+00 4.176357221871452446e-02
2.183430148561089634e+00 4.254216354799175703e-02
2.234352859323133877e+00 4.332544667851009196e-02
2.286463207103373474e+00 4.411270125497643302e-02
2.337852081111477354e+00 4.487462142743608301e-02
2.390395933850212540e+00 4.563853202982130070e-02
2.444120723775645487e+00 4.640355713211007094e-02
2.499052992768025838e+00 4.716879883584351035e-02
2.553339198331562088e+00 4.790789836155464471e-02
2.608804647442330094e+00 4.864512186263480337e-02
2.665474956465635703e+00 4.937940137144096464e-02
2.723376298226175329e+00 5.010965979427405709e-02
2.780724327164627585e+00 5.081277108656004349e-02
2.839279973436952709e+00 5.150964336188314230e-02
2.899068666680494122e+00 5.219902066554418102e-02
2.960116372022900233e+00 5.287965164598024126e-02
3.020727762099447489e+00 5.353191832502673247e-02
3.082580231965942552e+00 5.417308619998540548e-02
3.145699193992578913e+00 5.480172444527443842e-02
3.210110580893156929e+00 5.541642191051523308e-02
3.274234459655839480e+00 5.600127898702672580e-02
3.339639251247952245e+00 5.656970523640424131e-02
3.406350542669572157e+00 5.712012080962068639e-02
3.474394432036466362e+00 5.765098230409325397e-02
3.542339512009015312e+00 5.815018756282905321e-02
3.611613322493805622e+00 5.862721843345186645e-02
3.682241848076334811e+00 5.908038921635686697e-02
3.754251581496353296e+00 5.950806945259560360e-02
3.826398992918529363e+00 5.990182648941201615e-02
3.899932898788569524e+00 6.026736789858332805e-02
3.974879944093732576e+00 6.060296811930679373e-02
4.051267285872837576e+00 6.090697776178152778e-02
4.128082444915774474e+00 6.117422557115123616e-02
4.206354078746570302e+00 6.140711076887443720e-02
4.286109803252666772e+00 6.160396294751199070e-02
4.367377757939880922e+00 6.176321049680138370e-02
4.449417118917979863e+00 6.188221602457842641e-02
4.532997554912075344e+00 6.196091164431923731e-02
4.618148014371216803e+00 6.199781174678660467e-02
4.704897989528350699e+00 6.199155255182594443e-02
4.792802470934590886e+00 6.194104329052173286e-02
4.882349325430718423e+00 6.184494053862478469e-02
4.973569238477217880e+00 6.170211004373905156e-02
5.066493468846767989e+00 6.151155992133800626e-02
5.160955112802018796e+00 6.127276125928057121e-02
5.257177935818211800e+00 6.098441469954151567e-02
5.355194773978332989e+00 6.064593334614101772e-02
5.455039075603003162e+00 6.025688554061629787e-02
5.556726157650712317e+00 5.981687204519730433e-02
5.660308782977200970e+00 5.932555052219404962e-02
5.765822286305199107e+00 5.878307961058898412e-02
5.873302661018740878e+00 5.818977119709684009e-02
5.982745737531235619e+00 5.754615896745150089e-02
6.094228175489179833e+00 5.685260326130364694e-02
6.207787976341552216e+00 5.611015277893546815e-02
6.323463849643228940e+00 5.531998551459862273e-02
6.440957905558242658e+00 5.448570394503327030e-02
6.560635077174572061e+00 5.360661134326236144e-02
6.682535928183551022e+00 5.268466550445218693e-02
6.806701776001489179e+00 5.172189894195702853e-02
6.929604068892395219e+00 5.074886187682870614e-02
7.054725494349960435e+00 4.974130556208351817e-02
7.182106121193931436e+00 4.870176087028722789e-02
7.311786741723829586e+00 4.763277071661952550e-02
7.439199585840026607e+00 4.657519071246987719e-02
7.568832685195208576e+00 4.549496728411532576e-02
7.700724729247446554e+00 4.439483969073376723e-02
7.834915081638705203e+00 4.327751593053488777e-02
7.970248280687924236e+00 4.215550688551365777e-02
8.107919102360703789e+00 4.102190090385166021e-02
8.247967924626028235e+00 3.987960929159810319e-02
8.390435822907829078e+00 3.873148310113262022e-02
8.539937211533713324e+00 3.754423856996805947e-02
8.692102426645082147e+00 3.635683947784087294e-02
8.846978932500498161e+00 3.517260233847262912e-02
9.004615039070337446e+00 3.399473874827461245e-02
9.164264434450595687e+00 3.283209396353227449e-02
9.326744370546320440e+00 3.168212886523568556e-02
9.492105032068835158e+00 3.054831757253129512e-02
9.660397493516805767e+00 2.943393174770923132e-02
9.791404442785889728e+00 2.859510342825271820e-02
9.924188008464968291e+00 2.777131667164322443e-02
1.005877228368221132e+01 2.696401030488609213e-02
1.019518168827855753e+01 2.617451624464863652e-02
1.033344097327426780e+01 2.540405765460818782e-02
1.047357522533544305e+01 2.465350746056499051e-02
1.061560987133796630e+01 2.392334772302572368e-02
1.075957068297250530e+01 2.321392761627684778e-02
1.097017191019585525e+01 2.222950323132403747e-02
1.118489531647442092e+01 2.128737455885057819e-02
1.140382158680993641e+01 2.038626847755454358e-02
1.162703298548259312e+01 1.952484653462416286e-02
1.185229988323589723e+01 1.870957019112859387e-02
1.208193119410039706e+01 1.792988778702362188e-02
1.231601147600196633e+01 1.718425218581339300e-02
1.255462692513282796e+01 1.647111239547555811e-02
1.291838216351709256e+01 1.546662852030238067e-02
1.329267677310589768e+01 1.452618973577517181e-02
1.367781611952021059e+01 1.364548718396840429e-02
1.407411441597918866e+01 1.282049792483103134e-02
1.477608508558511424e+01 1.153243956871262410e-02
1.551306775000888472e+01 1.037866110205762880e-02
1.628680869271864751e+01 9.344516019368120582e-03
1.709914129609505196e+01 8.416924927477973870e-03
1.838551964568148733e+01 7.207691297270009401e-03
1.976867298703762899e+01 6.177015154093843698e-03
2.125588175911245159e+01 5.297680056312748659e-03
2.285497411250783628e+01 4.546522466485749224e-03
2.483624882111388743e+01 3.818368949767860215e-03
2.698927824060290348e+01 3.209129520660358812e-03
2.932895161403590834e+01 2.698934864443377612e-03
3.187144891798061863e+01 2.271195251736802135e-03
3.506978513903919747e+01 1.863487443055874366e-03
3.858907804485458826e+01 1.529938687071061071e-03
4.246153600450689680e+01 1.256861713051572607e-03
4.672259953364233098e+01 1.033057192678965433e-03
5.214408820289015267e+01 8.252457912070335425e-04
5.819466300355859545e+01 6.595929511878841772e-04
6.494732037350775045e+01 5.274744569138658992e-04
7.248352694200386281e+01 4.219993156470277173e-04
8.220620686434455138e+01 3.268866923158255181e-04
9.323305214481239034e+01 2.533207907934478353e-04
1.057389988396055855e+02 1.964017271259432427e-04
1.199224482991212000e+02 1.523224154542454243e-04
1.385387590899386794e+02 1.138503452711070636e-04
1.600449960986612155e+02 8.512294153867560025e-05
1.848897806252096530e+02 6.367012431730608856e-05
2.135913762562013858e+02 4.763524629100773040e-05
2.521140900992116372e+02 3.413433958712440712e-05
2.975846475669315510e+02 2.446536721040059985e-05
3.512561413473750918e+02 1.754211631123740441e-05
4.146076682483461013e+02 1.257991645978044443e-05
5.022190648990398358e+02 8.564750801528705552e-06
6.083437631864094328e+02 5.831841539902213569e-06
7.368938379149285538e+02 3.972764790442738899e-06
8.926080305531672821e+02 2.706503796538945519e-06
1.116913296673463719e+03 1.727382226690294452e-06
1.397584683965150816e+03 1.102482380055716200e-06
1.748786548312847344e+03 7.041143207622387260e-07
2.188242635060028988e+03 4.496754159922740356e-07
2.857904110023231169e+03 2.634779311787132446e-07
3.732500121890928767e+03 1.543450036508797913e-07
4.874746185869456895e+03 9.052754441079824939e-08
6.366550462324024920e+03 5.308421048127219750e-08
8.827158948251611946e+03 2.759869359643074819e-08
1.223876816163046169e+04 1.433306539656923304e-08
1.696893043302858132e+04 7.466595184130344696e-09
2.352725341620612380e+04 3.885406369157063135e-09
3.567378518425474613e+04 1.690913947796919751e-09
5.409126713004527119e+04 7.308803929223076567e-10
8.201723379287317221e+04 3.200689320535616929e-10
1.243606777202329686e+05 1.386713483260345831e-10
2.183648179505189764e+05 4.607196272131661993e-11
3.834266151703822543e+05 1.389985375525379377e-11
6.732584974118769169e+05 5.175766784087404618e-12
1.182174075569135603e+06 1.164589876730695412e-12
2.732009332059683278e+06 7.802403966158427009e-13
6.313685221754721366e+06 -3.960279892443798512e-13
1.459095348306868598e+07 3.936526573976889291e-13
3.371975574764741957e+07 -7.302796376027191683e-14
4.096378575022224337e+07 2.820992074793678847e-14
4.976405391391782463e+07 -1.136150614863342016e-14
6.045488756942375749e+07 6.204693114156534619e-15
7.344243773534305394e+07 -2.181248933206847266e-15
8.922010903280475736e+07 1.455226122711249151e-15
1.083873044153356701e+08 -3.599618104595864242e-16
1.316721968374084085e+08 3.685924752998089418e-16
1.599593929705293775e+08 -1.081224696453957633e-17
1.878192566798263192e+08 1.006661868860750900e-16
2.205314269119033813e+08 2.679944548389322391e-17
2.589410218928010166e+08 3.980464510393548382e-17
3.040403526960967183e+08 1.991146547229572715e-17
3.569945595791196823e+08 1.841059273217424241e-17
4.191717133562951088e+08 1.163085971361685324e-17
4.921781594800953269e+08 9.203976215409484052e-18
5.779000179418048859e+08 6.428304720770569823e-18
6.349558400580785275e+08 5.426878272657405052e-18
6.976447591402304173e+08 4.481538889616037663e-18
7.665229284470187426e+08 3.743817148009275696e-18
8.422014100109770298e+08 3.118137794557654654e-18
9.253515957599389553e+08 2.607012340467338467e-18
1.016711163858109355e+09 2.185318021344001042e-18
1.117090623120920420e+09 1.838480974812294829e-18
1.227380503553632259e+09 1.553300756181972876e-18
1.330973289768222094e+09 1.349842385016219540e-18
1.443309465115134954e+09 1.179974630552667635e-18
1.565126984969843388e+09 1.038091006930780776e-18
1.697226089268207550e+09 9.197610278783019056e-19
1.814056718651631117e+09 8.385566288705158904e-19
1.938929527005075455e+09 7.700608702909095439e-19
2.072398107533589125e+09 7.116440067072801452e-19
2.215054160705815315e+09 6.643202212885869422e-19
2.307327247936804771e+09 6.388612232434071217e-19
2.403444179159719944e+09 6.167858380502149426e-19
2.503565078382927895e+09 5.982269838317263795e-19
2.607856739943118572e+09 5.816216574262346747e-19
2.716492906371937752e+09 5.678340040695310311e-19
2.829654557837633610e+09 5.565339969066432068e-19
2.947530213647869587e+09 5.467184607437121351e-19
3.070316246308036804e+09 5.405897184407411983e-19
3.182829959595230579e+09 5.363282885217602698e-19
3.299466810260269642e+09 5.325000098888665627e-19
3.420377893324169636e+09 5.313885937191357711e-19
3.545719840781717777e+09 5.314346663698505078e-19
3.663795405966433048e+09 5.325160834139197990e-19
3.785802990520632744e+09 5.347662896718298947e-19
3.911873534121834278e+09 5.377467381018073500e-19
4.042142336850698948e+09 5.417852453821715372e-19
4.170739922859373569e+09 5.470807591185251710e-19
4.303428740138223648e+09 5.532814933713816505e-19
4.440338947999094009e+09 5.599027993554787066e-19
4.581604846670556068e+09 5.671507147305175571e-19
4.725336714508890152e+09 5.754537623141183329e-19
4.873577668250988007e+09 5.849036433942446346e-19
5.026469164735857010e+09 5.950917539267470728e-19
5.184157098516552925e+09 6.060918598799667914e-19
5.347780881956663132e+09 6.173395051628420927e-19
5.516569003974247932e+09 6.294949340252778970e-19
5.690684462834300995e+09 6.432868110037501905e-19
5.870295401403854370e+09 6.571839788775419341e-19
6.059845168789395332e+09 6.726388966016158073e-19
6.255515431291746140e+09 6.884449053076988272e-19
6.457503817536213875e+09 7.052920402246196708e-19
6.666014337500914574e+09 7.235169137602583055e-19
6.889147059072680473e+09 7.421976764959339266e-19
7.119748743192743301e+09 7.626582664107994243e-19
7.358069399820833206e+09 7.839779602900994084e-19
7.604367407529961586e+09 8.059969484508662050e-19
7.871090447201261520e+09 8.302511801198636764e-19
8.147168792322815895e+09 8.554491518620456848e-19
8.432930580064869881e+09 8.818111951803501851e-19
8.728715456978677750e+09 9.092530027832577312e-19
9.052349130590946198e+09 9.392758196984076100e-19
9.387982136203742981e+09 9.712336088243663422e-19
9.736059371796133041e+09 1.004003731206632998e-18
1.009704223079162025e+10 1.037797788321464472e-18
1.049540096141167450e+10 1.075950563981679591e-18
1.090947614389949989e+10 1.115290650439077562e-18
1.133988783962873840e+10 1.156192598938108761e-18
1.178728057325364304e+10 1.199193308553367055e-18
1.228382798340484047e+10 1.246407253030585480e-18
1.280129279931443977e+10 1.295732023275857490e-18
1.334055618127930069e+10 1.347463871624299200e-18
1.390253640908841324e+10 1.400961314626779604e-18
1.452629138528430748e+10 1.460112888219519687e-18
1.517803192173680496e+10 1.522087263998859304e-18
1.585901362619253731e+10 1.586541706290058322e-18
1.657054844083365822e+10 1.653508307269605669e-18
1.735216971928077316e+10 1.726796013161889170e-18
1.817065953138661575e+10 1.803094651198079315e-18
1.902775694031346893e+10 1.882456853661312380e-18
1.992528303963424301e+10 1.964978762410724835e-18
2.088793505284042358e+10 2.052930731973456038e-18
2.189709576038167191e+10 2.144048383960394833e-18
2.295501214104996109e+10 2.238575057329685176e-18
2.406403973211472321e+10 2.336579764547568283e-18
2.521725576636936951e+10 2.437158049084067323e-18
2.642573713580265045e+10 2.541060333376542225e-18
2.769213230973257446e+10 2.648175811868753982e-18
2.901921667950942612e+10 2.758564798165650515e-18
3.036749379696535492e+10 2.868496846234130829e-18
3.177841392802910233e+10 2.981081561086825136e-18
3.325488756276411438e+10 3.096302502781679336e-18
3.479996041705584717e+10 3.213843345439595778e-18
3.635721267198815155e+10 3.329029039351081204e-18
3.798414990806170654e+10 3.445844739381721042e-18
3.968389043613135529e+10 3.563909560389997775e-18
4.145969210732265472e+10 3.682826882567104262e-18
4.325775165806336975e+10 3.798648079296787783e-18
4.513379100034324646e+10 3.914300179904979562e-18
4.709119202876979828e+10 4.029357021836708809e-18
4.913348330685298920e+10 4.143287175679243019e-18
5.122946790301820374e+10 4.253647032090284243e-18
5.341486507758663940e+10 4.361527981275571808e-18
5.569348908047328186e+10 4.466259995478774831e-18
5.806931687367230225e+10 4.567085673835437781e-18
6.056223073138817596e+10 4.663779271685581655e-18
6.316216529876528168e+10 4.754711642365208705e-18
6.587371497132083893e+10 4.838908739151844911e-18
6.870167138189695740e+10 4.915546634893484715e-18
7.177474239093542480e+10 4.986263218365085371e-18
7.498527389016511536e+10 5.046422227587814465e-18
7.833941457793235779e+10 5.094912669419112003e-18
8.184358818771368408e+10 5.130887408589611048e-18
8.588705676580836487e+10 5.154707866050165619e-18
9.013029222246083069e+10 5.160471519330253450e-18
9.458316400639068604e+10 5.147242364915552479e-18
9.925602916475146484e+10 5.114513113641687141e-18
1.052672554918518829e+11 5.047007123927421091e-18
1.116425387156589355e+11 4.948357830926708065e-18
1.184039271532162781e+11 4.819428616441450856e-18
1.255748044301674500e+11 4.661991456739266075e-18
1.349551690915836182e+11 4.432319856550733618e-18
1.450362415230271912e+11 4.166396245686637545e-18
1.558703641863010254e+11 3.873181815057673529e-18
1.675137894945437622e+11 3.560568558243942677e-18
1.738019980106300354e+11 3.395788189921264832e-18
1.803262561466539307e+11 3.229404941303452919e-18
1.870954248401322021e+11 3.062651087488841645e-18
1.941186976545645447e+11 2.896715328106496836e-18
2.014056132655524597e+11 2.732662718959319656e-18
2.089660684158276367e+11 2.571533487773739081e-18
2.168103313565203857e+11 2.414331303323466663e-18
2.249490557930282898e+11 2.261859514414191270e-18
2.346304139673504333e+11 2.094314835752667315e-18
2.447284384653614502e+11 1.934890392135778605e-18
2.552610617736649475e+11 1.784298940554122229e-18
2.662469881572179565e+11 1.643021058026239867e-18
2.742301068904015808e+11 1.549822721291917510e-18
2.824525905273877563e+11 1.461148528859459021e-18
2.909216161576120605e+11 1.377763286554555107e-18
2.912643938849416504e+11 1.374452456556503544e-18
2.916075754893426514e+11 1.371007669698682359e-18
2.919511614466975098e+11 1.367867240683583005e-18
2.922951522334013672e+11 1.364633993753846544e-18
2.926395483264649048e+11 1.361440126895012983e-18
2.929843502034627686e+11 1.358242538371456566e-18
2.933295583424312744e+11 1.355048330674839030e-18
2.936751732221245117e+11 1.351872910702515349e-18
2.940596149006408081e+11 1.348307871872257212e-18
2.944445598405847168e+11 1.344960082053462628e-18
2.948300087008073120e+11 1.341278792178894530e-18
2.952159621410312500e+11 1.337850325831587436e-18
2.955721763492709351e+11 1.334649443717820766e-18
2.959288203735596924e+11 1.331332857918012823e-18
2.962858947325477905e+11 1.328050174097643258e-18
2.966433999454497681e+11 1.324813579336010124e-18
2.969698825460290527e+11 1.322263922182731395e-18
2.972967244699550171e+11 1.319152838146782557e-18
2.976239261125999756e+11 1.316182060001828669e-18
2.979514878700026855e+11 1.313349108494616355e-18
2.981761974618052979e+11 1.311500317559327690e-18
2.984010765254998169e+11 1.309230096468333624e-18
2.986261251889282837e+11 1.307467937159952927e-18
2.988513435799327393e+11 1.305583750157550167e-18
2.989853968200794067e+11 1.303886094914889339e-18
2.991195101914598999e+11 1.303061713714041578e-18
2.992536837208939819e+11 1.302347569117882770e-18
2.993879174354063721e+11 1.300445573633654668e-18
2.994520652500693970e+11 1.299929813552243476e-18
2.995162268092736816e+11 1.299729813023432411e-18
2.995804021158911133e+11 1.299402512031739969e-18
2.996445911729470825e+11 1.299220547988292228e-18
