2.047925560911141802e+05 0.000000000000000000e+00
2.343321192489409004e+05 -3.729575826835824906e-21
2.681325100863019470e+05 1.519547771875977593e-21
3.068083163145339931e+05 9.359777200884036307e-22
3.510627746313947719e+05 -4.319249700939014116e-21
4.714897539009054890e+05 2.919713306889606009e-21
6.332274570185656194e+05 -3.771485536480065738e-21
8.504469270103704184e+05 9.776636393786255541e-21
1.142180377122332575e+06 -3.706756668929468231e-20
1.533988744564427994e+06 1.689097879890803671e-19
2.060201274319397053e+06 3.217335873071141512e-19
2.766923359605441801e+06 -7.613013543121528997e-20
3.716076178264355753e+06 3.480970592433836100e-19
4.386093335130576976e+06 2.354413926789667364e-19
5.176916139929539524e+06 3.306964700410210812e-19
6.110326131278613582e+06 4.223889271458086636e-19
7.212032109734239057e+06 3.668295579237958928e-19
8.512378232252784073e+06 4.976636247205364897e-19
1.004717977767914906e+07 5.713668601610958233e-19
1.185870960274811275e+07 6.824431713021956105e-19
1.399686245832919143e+07 8.773995629375161724e-19
1.561942932772022113e+07 9.999803376483831402e-19
1.743009001124163345e+07 9.932298996920370627e-19
1.945064902344461903e+07 1.156366910005127258e-18
2.170543853699511290e+07 1.268645956085812475e-18
2.422161139791828766e+07 1.427881066409770509e-18
2.702946810827513412e+07 1.623588330321901465e-18
3.016282171379332244e+07 1.803728543180417313e-18
3.365940499064547569e+07 1.982164067023868128e-18
3.700547897962836176e+07 2.194930254207592277e-18
4.068418544212685525e+07 2.461947778120503277e-18
4.472859129861648381e+07 2.636956963252270689e-18
4.917505064482057840e+07 2.934496588343055818e-18
5.330793163760036230e+07 3.167209672281634164e-18
5.778815757618327439e+07 3.430766573958990164e-18
6.264492081127203256e+07 3.702718715463604899e-18
6.790986714322990179e+07 4.018667344094678817e-18
7.285652993688981235e+07 4.339491407381677117e-18
7.816351552053660154e+07 4.637843297551052553e-18
8.385707037957186997e+07 4.999660270486119335e-18
8.996535283515763283e+07 5.357026467991113123e-18
9.576054835721142590e+07 5.679688557121645536e-18
1.019290463793450743e+08 6.058738517369042008e-18
1.084948935030106604e+08 6.432645036867203657e-18
1.154836853120443970e+08 6.874696792995759453e-18
1.221615812712356746e+08 7.279116279112913444e-18
1.292256295628559589e+08 7.664794802203687094e-18
1.366981596189247668e+08 8.119740132607396971e-18
1.446027920809058547e+08 8.611600832495744400e-18
1.521963227443993092e+08 9.032715450998324683e-18
1.601886127064234614e+08 9.511264968458682975e-18
1.686006020257252455e+08 1.001417944663791720e-17
1.774543303870067298e+08 1.055748916835681491e-17
1.859952639567756057e+08 1.106271369890963870e-17
1.949472753857278526e+08 1.157302886768682216e-17
2.043301499825063944e+08 1.215185715174876911e-17
2.141646253288779259e+08 1.272012463711622667e-17
2.236836660009224117e+08 1.328703663155859216e-17
2.336258023880902827e+08 1.388980266577774274e-17
2.440098399552474320e+08 1.449800696949723157e-17
2.548554200193723440e+08 1.514478528628275252e-17
2.653822998887141645e+08 1.577569476022206637e-17
2.763439957011046410e+08 1.642530016459263695e-17
2.877584676599240899e+08 1.709807754883466020e-17
2.996444178202804327e+08 1.780540297938913156e-17
3.119078093351038694e+08 1.853808021575519450e-17
3.246730983070772886e+08 1.929842363431121331e-17
3.379608256335139275e+08 2.008545157405105545e-17
3.517923728770648241e+08 2.090105946945428364e-17
3.661866252193177938e+08 2.175525600405420888e-17
3.811698457044078112e+08 2.265501276506037576e-17
3.967661330812756419e+08 2.358103006287076154e-17
4.130005721447273493e+08 2.454304595514169751e-17
4.298991754306304455e+08 2.554694675953528446e-17
4.474892130930551291e+08 2.659549104054282495e-17
4.657989763158065677e+08 2.768106417755670666e-17
4.848579138635331988e+08 2.881760263695740139e-17
5.046966791228817105e+08 2.999153624321818962e-17
5.253471803478197455e+08 3.121942507230756738e-17
5.468426310614019632e+08 3.249538978315627726e-17
5.692176037724806070e+08 3.382557920829430236e-17
5.925080899066610336e+08 3.521384943003306927e-17
6.167515450651695728e+08 3.665565958036150877e-17
6.419869615620369911e+08 3.814661599391417382e-17
6.682549271476284266e+08 3.971028048192302892e-17
6.955976975405817032e+08 4.134194527419347976e-17
7.240592432125416994e+08 4.302559311343582738e-17
7.536853407297726870e+08 4.479394566153858383e-17
7.845236396824295521e+08 4.661997881834302381e-17
8.166237511469253302e+08 4.852909914530458940e-17
8.500372929580649137e+08 5.051762826955397331e-17
8.848180063399461508e+08 5.257979949298830605e-17
9.210218314288436174e+08 5.473701292638820482e-17
9.587070164577506781e+08 5.697181134147752945e-17
9.979341553491904736e+08 5.930389531940915045e-17
1.038766339785737872e+09 6.173369773338642820e-17
1.081269242953151226e+09 6.425811074858609539e-17
1.125511256340184927e+09 6.688523761755053778e-17
1.171563508722912550e+09 6.962285940092876161e-17
1.219500069181329966e+09 7.247100072693344040e-17
1.269398037460647821e+09 7.543728479261515596e-17
1.321337718449078798e+09 7.852356641991619255e-17
1.375402603968945742e+09 8.173651108761415113e-17
1.431679650547220230e+09 8.508042840530914117e-17
1.490259372693086624e+09 8.856302616155493757e-17
1.551236070192040682e+09 9.218680000839148022e-17
1.614707741187288046e+09 9.595923115239597881e-17
1.680776472099234343e+09 9.988538898474731667e-17
1.749548526400738716e+09 1.039705427110558079e-16
1.821134647766731262e+09 1.082260825890504161e-16
1.895649852090288401e+09 1.126528078334295435e-16
1.973213988398029327e+09 1.172619353510573053e-16
2.053951809568912029e+09 1.220629867450292593e-16
2.137993387005485535e+09 1.270551796984714705e-16
2.225473694944362164e+09 1.322547605392630323e-16
2.316533435974028111e+09 1.376659082100472902e-16
2.411319069812487125e+09 1.432991982418897139e-16
2.509983395204961777e+09 1.491627009120648306e-16
2.612684784471268177e+09 1.552646010987274583e-16
2.719588422795399666e+09 1.616172970861535799e-16
2.830866254269062042e+09 1.682327596216878446e-16
2.946697818893756866e+09 1.751151702477967959e-16
3.067268904978971004e+09 1.822791761918751766e-16
3.192773441213962555e+09 1.897387953325574518e-16
3.323413291341519833e+09 1.975025351590083179e-16
3.459399485674115658e+09 2.055840674136921454e-16
3.600949912747550964e+09 2.139945386241144382e-16
3.748292247774645805e+09 2.227514803586844044e-16
3.901663481906606197e+09 2.318672828836683241e-16
4.061311770871728897e+09 2.413546604028662514e-16
4.227492549450056076e+09 2.512274971363588860e-16
4.400473114090320587e+09 2.615092059112973227e-16
4.580531698477967262e+09 2.722104834987971561e-16
4.767960295760678291e+09 2.833482215333952569e-16
4.963058194643173218e+09 2.949410181857337901e-16
5.166139211629222870e+09 3.070096418560317888e-16
5.377530004127985001e+09 3.195752427424785632e-16
5.597574438634878159e+09 3.326500431306399944e-16
5.826622923908225060e+09 3.462590494930439660e-16
6.065043898854387283e+09 3.604298606775033247e-16
6.313220878611685753e+09 3.751808474565123759e-16
6.571559290378497124e+09 3.905308295816984743e-16
6.840468967790297508e+09 4.065092770044836337e-16
7.120382489407118797e+09 4.231459963564671961e-16
7.411750134994541168e+09 4.404627077342847054e-16
7.715050674546054840e+09 4.584855422352721792e-16
8.030762751940423012e+09 4.772449909113702438e-16
8.359394266942746162e+09 4.967763200569663382e-16
8.701473903371719360e+09 5.171075360601356608e-16
9.057568269961542130e+09 5.382666925703677456e-16
9.428235247965261459e+09 5.602919679627044112e-16
9.814071198973402023e+09 5.832228746933737241e-16
1.021569688975605011e+10 6.070933107787733126e-16
1.063378486095494843e+10 6.319368025392811842e-16
1.106898351520567513e+10 6.577949393401775929e-16
1.152199312493375397e+10 6.847182570982828683e-16
1.199354262192169762e+10 7.127449448982427790e-16
1.248443346361341095e+10 7.419136279016034637e-16
1.299541626862476349e+10 7.722746201767612271e-16
1.352731339287942696e+10 8.038867767943136516e-16
1.408098085098959160e+10 8.367933722059864323e-16
1.465737883099669456e+10 8.710426385244110916e-16
1.525737137695825958e+10 9.066921079361240809e-16
1.588192432074657059e+10 9.438100378694640305e-16
1.653204303008603287e+10 9.824490463657822922e-16
1.720888602132941818e+10 1.022666030098954352e-15
1.791343983052673340e+10 1.064527769377426015e-15
1.864683897401299667e+10 1.108114245427256926e-15
1.941026441667694092e+10 1.153486065861086695e-15
2.020512697051131821e+10 1.200714864316330790e-15
2.103253964658831024e+10 1.249875947186187433e-15
2.189383539291519547e+10 1.301061617684177514e-15
2.279040174255898666e+10 1.354345258148537809e-15
2.372397735659485626e+10 1.409815059738396963e-15
2.469579553594118881e+10 1.467554018374504398e-15
2.570742283158991623e+10 1.527672187944816017e-15
2.676048996600919724e+10 1.590254900728245288e-15
2.785717209209675598e+10 1.655413362573965373e-15
2.899879777816017151e+10 1.723238638517571030e-15
3.018720887383889008e+10 1.793859929076795232e-15
3.142432271033086014e+10 1.867377108311310814e-15
3.271291122447333145e+10 1.943933759382618256e-15
3.405433971145349121e+10 2.023625618259472394e-15
3.545077493179865265e+10 2.106604050890663025e-15
3.690447249645635223e+10 2.192986763577129568e-15
3.841904336656433868e+10 2.282963612692258088e-15
3.999577268969145203e+10 2.376627330979544179e-15
4.163721146786876678e+10 2.474156970748176300e-15
4.334601539692832184e+10 2.575690458401011847e-15
4.512700877713788605e+10 2.681485018622888893e-15
4.698117929696166229e+10 2.791619174724993170e-15
4.891153364574443054e+10 2.906303039168179463e-15
5.092120205105029297e+10 3.025699486380856773e-15
5.301681275603011322e+10 3.150167624324793542e-15
5.519866620567534637e+10 3.279747795657485291e-15
5.747031163316159821e+10 3.414688213207765020e-15
5.983544433674964905e+10 3.555181117230283440e-15
6.230344762571992493e+10 3.701741918014169407e-15
6.487324743849339294e+10 3.854333486039297244e-15
6.754904252650183105e+10 4.013249026634736399e-15
7.033520482495573425e+10 4.178715528831896783e-15
7.324543762201516724e+10 4.351496480101534731e-15
7.627608600550831604e+10 4.531405797572271860e-15
7.943213236493315125e+10 4.718790802781161622e-15
8.271876524421661377e+10 4.913920330650885902e-15
8.615664630900183105e+10 5.117960117372249124e-15
8.973740941730839539e+10 5.330449013467112950e-15
9.346699290090673828e+10 5.551800494512135202e-15
9.735158189504672241e+10 5.782333770543160256e-15
1.014233807121806335e+11 6.023885098932440303e-15
1.056654853967977600e+11 6.275492353704828551e-15
1.100850191123340607e+11 6.537649865664853615e-15
1.146894029536547852e+11 6.810738953457674477e-15
1.195306732293295288e+11 7.097752301937063131e-15
1.245763032564781494e+11 7.396807065444458552e-15
1.298349194710195465e+11 7.708499660675763287e-15
1.353155124481742096e+11 8.033289236335693136e-15
1.411058043014570007e+11 8.376253691973230347e-15
1.471438687799018555e+11 8.733774588434611125e-15
1.534403083324993286e+11 9.106580947880646671e-15
1.600061790980095825e+11 9.495232825196765335e-15
1.669978556029824829e+11 9.908823995333205404e-15
1.742950424365247192e+11 1.034028802781255202e-14
1.819110892667548218e+11 1.079053605932690634e-14
1.898599290927566528e+11 1.126026677689959840e-14
1.984449828495198059e+11 1.176717450105024745e-14
2.074182340966964111e+11 1.229665327243294342e-14
2.167972362819483948e+11 1.284988791337576283e-14
2.266003365816633911e+11 1.342779108427853801e-14
2.375156837691752319e+11 1.407053092440156077e-14
2.489568236630188293e+11 1.474356034162648450e-14
2.609490837186489563e+11 1.544855209918726359e-14
2.735190114161105347e+11 1.618686590534850950e-14
2.890441055616973877e+11 1.709714672725657088e-14
3.054504128521693726e+11 1.805730863333154992e-14
3.227879514451654053e+11 1.907087133159538318e-14
3.411095785573695068e+11 2.013991641723676771e-14
3.589249164791353760e+11 2.117672675085837085e-14
3.776707069157976074e+11 2.226514462259765220e-14
3.973955451785076294e+11 2.340810944138885683e-14
4.181505645945284424e+11 2.460745124521788585e-14
4.359324742501355591e+11 2.563182368943755024e-14
4.544705620335407715e+11 2.669685912031459443e-14
4.737969845220108643e+11 2.780413610570202125e-14
4.939452657565089722e+11 2.895481363367940994e-14
5.123597604634873657e+11 3.000281494035919007e-14
5.314607555559106445e+11 3.108623375443010517e-14
5.512738440671480713e+11 3.220615952514099349e-14
5.718255731498538818e+11 3.336337047823165305e-14
5.912565183138221436e+11 3.445296602728970600e-14
6.113477376028455811e+11 3.557492799733683357e-14
6.321216674919022217e+11 3.673002867336396286e-14
6.536015068599453125e+11 3.791878953604916162e-14
6.742159200942316895e+11 3.905399579022517555e-14
6.954805062984888916e+11 4.021907949178722241e-14
7.174157717508261719e+11 4.141454518744917814e-14
7.400428694923142090e+11 4.264069100048636479e-14
7.619397859271326904e+11 4.382015765753926803e-14
7.844846039489038086e+11 4.502703579686371195e-14
8.076964941316851807e+11 4.626157695107576487e-14
8.315951942828594971e+11 4.752386036611439918e-14
8.548469607096654053e+11 4.874308459200360965e-14
8.787488567258266602e+11 4.998702125307532853e-14
9.033190602395227051e+11 5.125566764562234235e-14
9.285762574215644531e+11 5.254887684500486908e-14
9.532436759282458496e+11 5.380085844160392957e-14
9.785663788353967285e+11 5.507446152315977653e-14
1.004561773624150635e+12 5.636941989183340034e-14
1.031247730203308716e+12 5.768534734899799968e-14
1.057387482674281372e+12 5.896076822582253750e-14
1.084189817606785156e+12 6.025421127592497919e-14
1.111671529938230469e+12 6.156513338072137106e-14
1.139849840319377930e+12 6.289289342158467371e-14
1.167519221336756104e+12 6.418011660477983634e-14
1.195860265075550049e+12 6.548116022189582681e-14
1.224889275869563232e+12 6.679518949123906373e-14
1.254622953832406738e+12 6.812129236646345153e-14
1.283883702950270020e+12 6.940628479179792063e-14
1.313826881347865479e+12 7.070021461306030253e-14
1.344468404876505371e+12 7.200194167186313322e-14
1.375824560581867920e+12 7.331026882002274856e-14
1.406746586696850342e+12 7.457649308363239809e-14
1.438363593644944336e+12 7.584602521433609786e-14
1.470691201306365234e+12 7.711740951652792953e-14
1.503745380622879150e+12 7.838915378557022128e-14
1.536410806719863525e+12 7.961745274195121938e-14
1.569785814423124756e+12 8.084263395976494314e-14
1.603885817767942627e+12 8.206292259882308602e-14
1.638726565625729492e+12 8.327652865247505244e-14
1.673234370723734131e+12 8.444501927720332700e-14
1.708468830675648438e+12 8.560314136865864954e-14
1.744445247157665527e+12 8.674880767364630880e-14
1.781179244064465332e+12 8.787993858885804512e-14
1.817650698693278809e+12 8.896393127628946905e-14
1.854868943408784668e+12 9.002947901956398544e-14
1.892849269497082275e+12 9.107420395006203519e-14
1.931607281348593262e+12 9.209576089710357697e-14
1.970192292053068604e+12 9.306772652787558376e-14
2.009548061423250732e+12 9.401238600146703627e-14
2.049689985824594971e+12 9.492711378932093247e-14
2.090633769174202148e+12 9.580934493270602053e-14
2.131518096333509033e+12 9.663896702958819914e-14
2.173201955305729492e+12 9.743173782724736042e-14
2.215700981693839355e+12 9.818485588556164065e-14
2.259031116870484375e+12 9.889561156806783964e-14
2.302444096492748047e+12 9.954999076946689663e-14
2.346691365994925781e+12 1.001574788218603190e-13
2.391788958360960938e+12 1.007152080403701685e-13
2.437753214689579102e+12 1.012204373276196644e-13
2.483974899826669922e+12 1.016645726489460893e-13
2.531072983839884766e+12 1.020516012362594994e-13
2.579064083929136230e+12 1.023787470632699956e-13
2.627965132369172852e+12 1.026433982933058799e-13
2.677330356098752441e+12 1.028411718819595470e-13
2.727622884868763184e+12 1.029719550095855533e-13
2.778860137716200195e+12 1.030332787633890856e-13
2.831059860887016113e+12 1.030228766965895354e-13
2.883954280586483887e+12 1.029389360758891671e-13
2.937836959020090332e+12 1.027792242836961093e-13
2.992726360429925781e+12 1.025418563221367698e-13
3.048641294034984375e+12 1.022251837924686120e-13
3.105481329502346191e+12 1.018283277031508633e-13
3.163381112356020508e+12 1.013491286696204877e-13
3.222360400923761230e+12 1.007866113378223905e-13
3.282439321932681641e+12 1.001400583407161488e-13
3.343627091996290039e+12 9.940880619074800869e-14
3.405955459901354004e+12 9.859228596179539503e-14
3.469445687472347656e+12 9.769076129371980577e-14
3.534119432867432617e+12 9.670475050660248232e-14
3.599974187137582031e+12 9.563514052515000673e-14
3.667056078391977051e+12 9.448253019268654997e-14
3.735387973093843750e+12 9.324866232924830991e-14
3.804993163792198730e+12 9.193549462667463817e-14
3.875692402401441406e+12 9.054901398966022083e-14
3.947705278680920898e+12 8.908806253758272887e-14
4.021056200861932129e+12 8.755589390229538860e-14
4.095770030711749512e+12 8.595588588874198901e-14
4.169723546598563477e+12 8.433880947340104915e-14
4.245012372443093750e+12 8.266436600963904188e-14
4.321660618699490234e+12 8.093676151846279042e-14
4.399692831158557617e+12 7.916022203432735006e-14
4.476360463388130859e+12 7.740264491487708733e-14
4.554364081116647461e+12 7.560743701181480757e-14
4.633726964800351562e+12 7.377915066088479949e-14
4.714472800569526367e+12 7.192228624567427307e-14
4.795906316987187500e+12 7.005763542246665430e-14
4.878746441920951172e+12 6.817371181571968376e-14
4.963017471848127930e+12 6.627535368341831708e-14
5.048744122922867188e+12 6.436729914883372582e-14
5.138703008626155273e+12 6.239423440197791507e-14
5.230264788219217773e+12 6.042091279246358518e-14
5.323458022184669922e+12 5.845284598712491750e-14
5.418311779891990234e+12 5.649537129221508137e-14
5.514376985998878906e+12 5.456318851295163205e-14
5.612145402296935547e+12 5.265207792367988448e-14
5.711647226236170898e+12 5.076781311344091534e-14
5.812913190674857422e+12 4.891583121111495007e-14
5.891743489737333984e+12 4.752179439532898522e-14
5.971642825241775391e+12 4.615275493822695967e-14
6.052625694651936523e+12 4.481110400588002132e-14
6.134706792023173828e+12 4.349905509159391767e-14
6.217901010690077148e+12 4.221864095363202514e-14
6.302223445954095703e+12 4.097131229492696325e-14
6.387689397829781250e+12 3.975787024495677679e-14
6.474314373815736328e+12 3.857889509148615704e-14
6.601038626365437500e+12 3.694289425180204179e-14
6.730243301591375977e+12 3.537718405321634720e-14
6.861976949763992188e+12 3.387964871360217717e-14
6.996289071446774414e+12 3.244806387732856183e-14
7.131838040549895508e+12 3.109316775435484268e-14
7.270013190880099609e+12 2.979742469140358360e-14
7.410865403147316406e+12 2.855826352440670687e-14
7.554446543849079102e+12 2.737310668185167131e-14
7.773327560370399414e+12 2.570376926157713184e-14
7.998550391494834961e+12 2.414086746365815964e-14
8.230298783682850586e+12 2.267724045858667915e-14
8.468761807225553711e+12 2.130620257969076190e-14
8.891155872020259766e+12 1.916559677554575947e-14
9.334617567483896484e+12 1.724814880380793045e-14
9.800197677936000000e+12 1.552951784596515115e-14
1.028899939738397852e+13 1.398796744513011753e-14
1.106304680915226758e+13 1.197835932831235060e-14
1.189532625811810352e+13 1.026549335155231307e-14
1.279021857432795508e+13 8.804138898815398067e-15
1.375243416021844922e+13 7.555800817723494235e-15
1.494461883954823438e+13 6.345692877511799633e-15
1.624015280912432422e+13 5.333206562845464246e-15
1.764799531492460547e+13 4.485321343084941382e-15
1.917788227095038281e+13 3.774466983674023157e-15
2.110240461281898828e+13 3.096903193561547352e-15
2.322005496496980469e+13 2.542583275030774837e-15
2.555021394332485156e+13 2.088760548142821003e-15
2.811420703071466016e+13 1.716823008956164074e-15
3.137645819788606641e+13 1.371464205882313743e-15
3.501724690182650391e+13 1.096168114572691763e-15
3.908049700351518750e+13 8.766022739922023566e-16
4.361522909906933594e+13 7.013146416296414833e-16
4.946561925198105469e+13 5.432483299729416834e-16
5.610075972372450000e+13 4.209902078638491015e-16
6.362591410301656250e+13 3.263972280703476620e-16
7.216046565825221875e+13 2.531424489223763732e-16
8.336238552027340625e+13 1.892062644006796698e-16
9.630324937951742188e+13 1.414646020174835833e-16
1.112530043757036719e+14 1.058124711639464292e-16
1.285235032292731719e+14 7.916433615608185356e-17
1.517036251226950938e+14 5.672737193448870758e-17
1.790644457792813125e+14 4.065864469754508506e-17
2.113599837598811875e+14 2.915299280847921311e-17
2.494802502001791562e+14 2.090638367551554203e-17
3.021983131562890000e+14 1.423363715605019623e-17
3.660563126790875000e+14 9.691854247029949106e-18
4.434082462359763750e+14 6.602281122224922226e-18
5.371055381920849375e+14 4.497900043341797463e-18
6.720758684547417500e+14 2.870711876419244590e-18
8.409631642961177500e+14 1.832199737305935631e-18
1.052290488169323125e+15 1.170157543441850223e-18
1.316722680021616000e+15 7.473091579135665466e-19
1.719675459522956500e+15 4.378702145490555293e-19
2.245942696177479000e+15 2.565037593882763324e-19
2.933261951596652500e+15 1.504464344183293834e-19
3.830919502678542500e+15 8.821989199860468366e-20
5.311531820601698000e+15 4.586587511250017165e-20
7.364386085779383000e+15 2.381991687981062508e-20
1.021064812415777600e+16 1.240862800387070310e-20
1.415696215556316600e+16 6.457101408311501603e-21
2.146584719707682400e+16 2.810105764052111979e-21
3.254812655603181200e+16 1.214639696869020406e-21
4.935190922497900800e+16 5.319179914682089587e-22
7.483106408471819200e+16 2.304559352340672778e-22
1.313958076254885120e+17 7.656633749638628877e-23
2.307177971170974720e+17 2.309996863412899386e-23
4.051172017472248960e+17 8.601532971150510462e-24
7.113449816284963840e+17 1.935415299886514638e-24
1.643921287300486400e+18 1.296670382743695776e-24
3.799109108288483328e+18 -6.581532648373762624e-25
8.779757357104001024e+18 6.542057347323585330e-25
2.029005670867875021e+19 -1.213641310174913142e-25
2.464897854226493030e+19 4.688166479466001205e-26
2.994432947627699405e+19 -1.888152496357712225e-26
3.637728298746607616e+19 1.031149095847412499e-26
4.419223073932510003e+19 -3.624986480254194521e-27
5.368606716424422195e+19 2.418419530312621557e-27
6.521946865648400794e+19 -5.982153969035704628e-28
7.923059587920424141e+19 6.125585756600710094e-28
9.625173974412047155e+19 -1.796871896230682943e-29
1.130157465414453494e+20 1.672956996908521438e-28
1.326995127596838748e+20 4.453761607786642674e-29
1.558115680827467694e+20 6.615077176952336387e-29
1.829490119708501279e+20 3.309058037360448421e-29
2.148129397128120238e+20 3.059630138109917835e-29
2.522265552076735775e+20 1.932915981011328526e-29
2.961564384202575053e+20 1.529595675097420174e-29
3.477375169541009572e+20 1.068310789703788459e-29
3.820694935841584579e+20 9.018851571171316084e-30
4.197910516138716037e+20 7.447805538502916064e-30
4.612368429678678508e+20 6.221796301866881157e-30
5.067745596124062679e+20 5.181988711496254335e-30
5.568081955856240476e+20 4.332556612030567466e-30
6.117816310833471816e+20 3.631748839771986838e-30
6.721825704042389832e+20 3.055345300777337529e-30
7.385468686844615721e+20 2.581408364358526676e-30
8.008813506609719542e+20 2.243283800241912134e-30
8.684769579744670515e+20 1.960983002755116855e-30
9.417777376260242801e+20 1.725188633039296264e-30
1.021265214861575586e+21 1.528537729172322730e-30
1.091565252419400499e+21 1.393585297077550600e-30
1.166704478866499830e+21 1.279753173184755868e-30
1.247016005676397756e+21 1.182671021081106402e-30
1.332855874457259475e+21 1.104024297304831367e-30
1.388378998248933425e+21 1.061714351699992283e-30
1.446215063248104849e+21 1.025027584016820851e-30
1.506460420247896719e+21 9.941848889869960666e-31
1.569215433751997710e+21 9.665887339568506602e-31
1.634584649174265102e+21 9.436752295642080794e-31
1.702676967003313930e+21 9.248959088875801764e-31
1.773605824224625689e+21 9.085836093854961534e-31
1.847489383297626669e+21 8.983983399964727810e-31
1.915191819821368738e+21 8.913163304157754626e-31
1.985375255669075083e+21 8.849541687772672259e-31
2.058130608656631988e+21 8.831071221023666936e-31
2.133552128341492892e+21 8.831836895832295012e-31
2.204601276248630755e+21 8.849808811392176716e-31
2.278016422788247847e+21 8.887204668135199934e-31
2.353876357780238500e+21 8.936736315345584874e-31
2.432262494812822307e+21 9.003851691627765779e-31
2.509643017146446905e+21 9.091857078853607744e-31
2.589485340066690105e+21 9.194906196687249654e-31
2.671867783827061998e+21 9.304944736115624996e-31
2.756871160378696925e+21 9.425396807608057418e-31
2.843358374909827875e+21 9.563383970729368739e-31
2.932558824061528441e+21 9.720430196100379299e-31
3.024557626104132141e+21 9.889744951410584821e-31
3.119442569596283912e+21 1.007255414276299518e-30
3.217899268681954230e+21 1.025947715491628781e-30
3.319463485016086938e+21 1.046148649285663917e-30
3.424233298907000996e+21 1.069069172855061659e-30
3.532309886304272253e+21 1.092164677861110743e-30
3.646366926282618307e+21 1.117848985117524165e-30
3.764106827843196944e+21 1.144116765467607577e-30
3.885648509285557076e+21 1.172114778612797358e-30
4.011114728735709331e+21 1.202402435910996989e-30
4.145379508354370503e+21 1.233447728966156309e-30
4.284138557587381027e+21 1.267450891416014824e-30
4.427542313949728342e+21 1.302881786486757184e-30
4.575746250569330721e+21 1.339474828746408132e-30
4.736240461765372019e+21 1.379782590300156251e-30
4.902364004310466953e+21 1.421658740016340461e-30
5.074314326900339638e+21 1.465469443676025483e-30
5.252295803725522403e+21 1.511074592194322995e-30
5.447034628038895600e+21 1.560969083263052810e-30
5.648993763453541810e+21 1.614079277040935152e-30
5.858440916689889526e+21 1.668539475867185757e-30
6.075653720207615066e+21 1.724701337216087472e-30
6.315356560737297236e+21 1.788106890725800362e-30
6.564516400363972067e+21 1.853485619108919542e-30
6.823506346192216785e+21 1.921459983734536905e-30
7.092714225520744595e+21 1.992922249514297933e-30
7.391499756054081700e+21 2.071386430197135524e-30
7.702871835322013975e+21 2.153358562106849948e-30
8.027360680462723842e+21 2.239330982772271784e-30
8.365518844381174432e+21 2.328237620001911796e-30
8.740848485973203354e+21 2.426540776186933264e-30
9.133017769254221513e+21 2.529535107050404112e-30
9.542782226161461101e+21 2.636651025064592752e-30
9.970931286531651928e+21 2.747941863759717531e-30
1.044125320057779441e+22 2.869737656520423958e-30
1.093375987314650094e+22 2.996537274451409239e-30
1.144949774391090505e+22 3.128428186393065969e-30
1.198956261238221098e+22 3.265570169129349324e-30
1.256881544223225859e+22 3.411736292455721170e-30
1.317605376677471532e+22 3.563163418235242504e-30
1.381262965176751515e+22 3.720255948010516421e-30
1.447996048543653980e+22 3.883128572614526964e-30
1.517388065815359442e+22 4.050278188644800479e-30
1.590105542480040768e+22 4.222951912443034009e-30
1.666307843845844579e+22 4.400965597836275114e-30
1.746161972450711883e+22 4.584419479144038980e-30
1.827291323970713184e+22 4.767113981329546813e-30
1.912190069041537640e+22 4.954216912595754695e-30
2.001033339443140677e+22 5.145700951637526676e-30
2.094004403845961928e+22 5.341040400989696436e-30
2.187708334558742472e+22 5.532465862243199240e-30
2.285605392379798985e+22 5.726600207409360448e-30
2.387883214208265250e+22 5.922810448905922939e-30
2.494737833445392227e+22 6.120437449931561498e-30
2.602931767360989692e+22 6.312919044251338276e-30
2.715817948765867947e+22 6.505119620139452660e-30
2.833599875081190349e+22 6.696330944126247011e-30
2.956489869178609179e+22 6.885669841253080364e-30
3.082610730299249236e+22 7.069075312019163128e-30
3.214111779520441955e+22 7.248361122235567675e-30
3.351222530210123691e+22 7.422413762333936682e-30
3.494182286546515788e+22 7.589974518624149572e-30
3.644187416837043205e+22 7.750668229276691784e-30
3.800632262421715406e+22 7.901787438695167341e-30
3.963793280064585256e+22 8.041713392529097864e-30
4.133958794814092948e+22 8.169076818000274266e-30
4.318873494403923994e+22 8.286599699094566875e-30
4.512059550293178083e+22 8.386577098179075584e-30
4.713886945701972568e+22 8.467162671601720024e-30
4.924742213431718629e+22 8.526948577345181930e-30
5.168048266308527482e+22 8.566535455730964775e-30
5.423374813416632667e+22 8.576113988881912719e-30
5.691315725232744327e+22 8.554128645912377736e-30
5.972494212303381594e+22 8.499736370198033659e-30
6.334205382391200586e+22 8.387549129060624758e-30
6.717822805699370104e+22 8.223605276541015837e-30
7.124673186983685443e+22 8.009339654537142198e-30
7.556163580001927352e+22 7.747697085125775553e-30
8.120604593016972457e+22 7.366009129703942846e-30
8.727209020549218330e+22 6.924074474980462752e-30
9.379126445075475726e+22 6.436785596272444073e-30
1.007974172104464657e+23 5.917258085108478975e-30
1.045811963203022372e+23 5.643411942062884469e-30
1.085070126444972584e+23 5.366901995124542479e-30
1.125801980402980492e+23 5.089776144697397232e-30
1.168062845147024793e+23 4.814009873734746360e-30
1.211910117376633717e+23 4.541373183279320887e-30
1.257403348374669125e+23 4.273594812947807180e-30
1.304604324886946345e+23 4.012342745554990880e-30
1.353577153038163189e+23 3.758952055018945972e-30
1.411832410829504737e+23 3.480511944062126535e-30
1.472594858589692143e+23 3.215566735867282726e-30
1.535972400768816607e+23 2.965300951107542582e-30
1.602077585808661477e+23 2.730513253873194344e-30
1.650114093848821938e+23 2.575628267798998672e-30
1.699590922960276250e+23 2.428261892590030913e-30
1.750551259562504974e+23 2.289685148135833276e-30
1.752613842571124445e+23 2.284182927000663521e-30
1.754678855813445095e+23 2.278458084871525931e-30
1.756746302152976315e+23 2.273239050698660321e-30
1.758816184456311483e+23 2.267865763757776149e-30
1.760888505593748720e+23 2.262557921994854330e-30
1.762963268438978839e+23 2.257243895250430272e-30
1.765040475868471293e+23 2.251935487054058513e-30
1.767120130763014328e+23 2.246658301908629306e-30
1.769433416635145697e+23 2.240733614742241926e-30
1.771749730762576972e+23 2.235169970608318331e-30
1.774069077109786773e+23 2.229052087490050503e-30
1.776391459646498952e+23 2.223354368184476640e-30
1.778534893466040958e+23 2.218034867869474802e-30
1.780680913600880050e+23 2.212523081249489222e-30
1.782829523171869993e+23 2.207067635845422544e-30
1.784980725303259924e+23 2.201688785190475927e-30
1.786945256283177547e+23 2.197451546345695802e-30
1.788911949405411858e+23 2.192281280174989324e-30
1.790880807049021075e+23 2.187344186362656776e-30
1.792851831597073506e+23 2.182636144673090105e-30
1.794203967832810544e+23 2.179563665396098601e-30
1.795557123825132477e+23 2.175790817356263746e-30
1.796911300343298481e+23 2.172862309943979144e-30
1.798266498156567735e+23 2.169731006448078360e-30
1.799073131474114000e+23 2.166909697422275942e-30
1.799880126616981450e+23 2.165539670066775888e-30
1.800687483746551134e+23 2.164352843351763307e-30
1.801495203025437894e+23 2.161191944194006580e-30
1.801881197161039203e+23 2.160334809873522846e-30
1.802267274001131053e+23 2.160002431848279311e-30
1.802653433562994311e+23 2.159458495000083656e-30
1.803039675864833600e+23 2.159156091552522491e-30
