2.047925547637392592e+05 5.075888147159000052e-01
2.343321177301035787e+05 5.075888147159000052e-01
2.681325083483853959e+05 5.075888147159000052e-01
3.068083143259380013e+05 5.075888147159000052e-01
3.510627723559608567e+05 5.075888147159000052e-01
4.714897508449170855e+05 5.075888147159000052e-01
6.332274529142648680e+05 5.075888147159000052e-01
8.504469214981489349e+05 5.075888147159000052e-01
1.142180369719223818e+06 5.075888147159000052e-01
1.533988734621790238e+06 5.075888147159000052e-01
2.060201260966081638e+06 5.075888147160000363e-01
2.766923341671466362e+06 5.075888147160000363e-01
3.716076154178391211e+06 5.075888147160999564e-01
4.386093306701856665e+06 5.075888147161999875e-01
5.176916106375054456e+06 5.075888147163000186e-01
6.110326091674177907e+06 5.075888147164999697e-01
7.212032062989031896e+06 5.075888147167000319e-01
8.512378177079308778e+06 5.075888147170000142e-01
1.004717971255776659e+07 5.075888147174000276e-01
1.185870952588519081e+07 5.075888147179999921e-01
1.399686236760770902e+07 5.075888147188000188e-01
1.561942922648197599e+07 5.075888147196000455e-01
1.743008989826748893e+07 5.075888147204999923e-01
1.945064889737409726e+07 5.075888147216000013e-01
2.170543839631004259e+07 5.075888147229999925e-01
2.422161124092449993e+07 5.075888147246999660e-01
2.702946793308205530e+07 5.075888147268999839e-01
3.016282151829122752e+07 5.075888147296000463e-01
3.365940477248007059e+07 5.075888147329999933e-01
3.700547873977518827e+07 5.075888147364999714e-01
4.068418517842992395e+07 5.075888147409000073e-01
4.472859100870550424e+07 5.075888147460999589e-01
4.917505032608962059e+07 5.075888147524000305e-01
5.330793129208188504e+07 5.075888147588000221e-01
5.778815720162595809e+07 5.075888147663000227e-01
6.264492040523532033e+07 5.075888147750999835e-01
6.790986670306812227e+07 5.075888147853999666e-01
7.285652946466596425e+07 5.075888147959000118e-01
7.816351501391521096e+07 5.075888148079999995e-01
8.385706983604736626e+07 5.075888148218999918e-01
8.996535225204193592e+07 5.075888148380000020e-01
9.576054773653383553e+07 5.075888148542000433e-01
1.019290457186859995e+08 5.075888148725999915e-01
1.084948927997946739e+08 5.075888148934000199e-01
1.154836845635301471e+08 5.075888149170000307e-01
1.221615804794382602e+08 5.075888149410000549e-01
1.292256287252724916e+08 5.075888149677999506e-01
1.366981587329076529e+08 5.075888149977000330e-01
1.446027911436544061e+08 5.075888150313000446e-01
1.521963217579299510e+08 5.075888150652999586e-01
1.601886116681515872e+08 5.075888151028999928e-01
1.686006009329305887e+08 5.075888151445999696e-01
1.774543292368261218e+08 5.075888151908000134e-01
1.859952627512364388e+08 5.075888152377000528e-01
1.949472741221657097e+08 5.075888152891000482e-01
2.043301486581285894e+08 5.075888153455999641e-01
2.141646239407573938e+08 5.075888154076999559e-01
2.236836645511036515e+08 5.075888154705000543e-01
2.336258008738309741e+08 5.075888155390999579e-01
2.440098383736833632e+08 5.075888156139000129e-01
2.548554183675120473e+08 5.075888156954999619e-01
2.653822981686232686e+08 5.075888157780999999e-01
2.763439939099648595e+08 5.075888158676999939e-01
2.877584657948007584e+08 5.075888159647999887e-01
2.996444158781176209e+08 5.075888160700999796e-01
3.119078073134551644e+08 5.075888161831999534e-01
3.246730962026896477e+08 5.075888163057999947e-01
3.379608234430010915e+08 5.075888164385999879e-01
3.517923705969019532e+08 5.075888165824999909e-01
3.661866228458577394e+08 5.075888167383000305e-01
3.811698432338331938e+08 5.075888169072000355e-01
3.967661305096127391e+08 5.075888170901999841e-01
4.130005694678400159e+08 5.075888172885000271e-01
4.298991726442137957e+08 5.075888175032999827e-01
4.474892101926276088e+08 5.075888177360999842e-01
4.657989732967032790e+08 5.075888179883000229e-01
4.848579107208983302e+08 5.075888182615999611e-01
5.046966758516607285e+08 5.075888185576999945e-01
5.253471769427513480e+08 5.075888188785000477e-01
5.468426275170094967e+08 5.075888192260999965e-01
5.692176000830633640e+08 5.075888196026999699e-01
5.925080860662852526e+08 5.075888200107999682e-01
6.167515410676584244e+08 5.075888204530000225e-01
6.419869574009609222e+08 5.075888209321000044e-01
6.682549228162951469e+08 5.075888214510999585e-01
6.955976930320245028e+08 5.075888220136000051e-01
7.240592385195094347e+08 5.075888226229999800e-01
7.536853358447170258e+08 5.075888232833000169e-01
7.845236345974937677e+08 5.075888239988000095e-01
8.166237458539305925e+08 5.075888247738999937e-01
8.500372874484984875e+08 5.075888256138999521e-01
8.848180006049466133e+08 5.075888265239000274e-01
9.210218254591867924e+08 5.075888275100000069e-01
9.587070102438350916e+08 5.075888285784000420e-01
9.979341488810218573e+08 5.075888297359999468e-01
1.038766333052913189e+09 5.075888309903000550e-01
1.081269235944841385e+09 5.075888323493999987e-01
1.125511249045117855e+09 5.075888338219000095e-01
1.171563501129355192e+09 5.075888354173999639e-01
1.219500061277069092e+09 5.075888371461000359e-01
1.269398029232970476e+09 5.075888390192000443e-01
1.321337709884751081e+09 5.075888410486999458e-01
1.375402595054193497e+09 5.075888432477000389e-01
1.431679641267704964e+09 5.075888456303000451e-01
1.490259363033883572e+09 5.075888482118999789e-01
1.551236060137613535e+09 5.075888510091000061e-01
1.614707730721465349e+09 5.075888540398999504e-01
1.680776461205183268e+09 5.075888573237999912e-01
1.749548515060937405e+09 5.075888608819000281e-01
1.821134635962940454e+09 5.075888647370999651e-01
1.895649839803523064e+09 5.075888689142999954e-01
1.973213975608527422e+09 5.075888734401999836e-01
2.053951796256103277e+09 5.075888783441999674e-01
2.137993373147956371e+09 5.075888836577000518e-01
2.225473680519824505e+09 5.075888894148999908e-01
2.316533420959280968e+09 5.075888956528999962e-01
2.411319054183381557e+09 5.075889024117999915e-01
2.509983378936357975e+09 5.075889097351999890e-01
2.612684767536999226e+09 5.075889176700999483e-01
2.719588405168228626e+09 5.075889262675999936e-01
2.830866235920637131e+09 5.075889355831000316e-01
2.946697799794562817e+09 5.075889456766999874e-01
3.067268885098288536e+09 5.075889566129999642e-01
3.192773420519814968e+09 5.075889684626999632e-01
3.323413269800622463e+09 5.075889813018999996e-01
3.459399463251815796e+09 5.075889952134999827e-01
3.600949889407783508e+09 5.075890102867000042e-01
3.748292223479870319e+09 5.075890266186999789e-01
3.901663456617746353e+09 5.075890443145999464e-01
4.061311744548099041e+09 5.075890634886000008e-01
4.227492522049315929e+09 5.075890842636000544e-01
4.400473085568397522e+09 5.075891067734999984e-01
4.580531668788983345e+09 5.075891311633999869e-01
4.767960264856864929e+09 5.075891575904000197e-01
4.963058162474822044e+09 5.075891862243000485e-01
5.166139178144589424e+09 5.075892172492999510e-01
5.377529969273209572e+09 5.075892508654999968e-01
5.597574402353872299e+09 5.075892872898000174e-01
5.826622886142628670e+09 5.075893267555999788e-01
6.065043859543451309e+09 5.075893695173000486e-01
6.313220837692174911e+09 5.075894158504999920e-01
6.571559247784551620e+09 5.075894660544000292e-01
6.840468923453398705e+09 5.075895204506000180e-01
7.120382443255942345e+09 5.075895793897999830e-01
7.411750086954849243e+09 5.075896432516000534e-01
7.715050624540503502e+09 5.075897124492000367e-01
8.030762699888565063e+09 5.075897874256000142e-01
8.359394212760843277e+09 5.075898686637999591e-01
8.701473846972608566e+09 5.075899566873000035e-01
9.057568211254384995e+09 5.075900520667999682e-01
9.428235186855604172e+09 5.075901554119000014e-01
9.814071135362926483e+09 5.075902673886000249e-01
1.021569682354241371e+10 5.075903887182999785e-01
1.063378479203145027e+10 5.075905201903999631e-01
1.106898344346141052e+10 5.075906626428999813e-01
1.152199305025328255e+10 5.075908169938999626e-01
1.199354254418485069e+10 5.075909842382999582e-01
1.248443338269482613e+10 5.075911654685000274e-01
1.299541618439421272e+10 5.075913618360999857e-01
1.352731330520135498e+10 5.075915746071000267e-01
1.408098075972289276e+10 5.075918051530999842e-01
1.465737873599403763e+10 5.075920549883999877e-01
1.525737127806671524e+10 5.075923256940999551e-01
1.588192421780694962e+10 5.075926190155000128e-01
1.653204292293263054e+10 5.075929368441000067e-01
1.720888590978901672e+10 5.075932812840000530e-01
1.791343971441972733e+10 5.075936545020000024e-01
1.864683885315242004e+10 5.075940589052999607e-01
1.941026429086817932e+10 5.075944971022999797e-01
2.020512683955060959e+10 5.075949720251999864e-01
2.103253951026467514e+10 5.075954866374999819e-01
2.189383525100902176e+10 5.075960442595000011e-01
2.279040159484166336e+10 5.075966484892999731e-01
2.372397720282651138e+10 5.075973034303999931e-01
2.469579537587394714e+10 5.075980131223000180e-01
2.570742266496575546e+10 5.075987821467999872e-01
2.676048979255952072e+10 5.075996154692999918e-01
2.785717191153886795e+10 5.076005188629999498e-01
2.899879759020277023e+10 5.076014978102999509e-01
3.018720867817873383e+10 5.076025586368000386e-01
3.142432250665227890e+10 5.076037081976999543e-01
3.271291101244268799e+10 5.076049546751999486e-01
3.405433949072830200e+10 5.076063054627000248e-01
3.545077470202238464e+10 5.076077692986999956e-01
3.690447225725785828e+10 5.076093556534000406e-01
3.841904311754905701e+10 5.076110762368000184e-01
3.999577243045651245e+10 5.076129409260999870e-01
4.163721119799474335e+10 5.076149618035999955e-01
4.334601511597859192e+10 5.076171519645999997e-01
4.512700848464454651e+10 5.076195283812999781e-01
4.698117899245040131e+10 5.076221040646999860e-01
4.891153332872147369e+10 5.076248957411000351e-01
5.092120172100153351e+10 5.076279215405999912e-01
5.301681241239854431e+10 5.076312064696000270e-01
5.519866584790196228e+10 5.076347672923999799e-01
5.747031126066441345e+10 5.076386272039999925e-01
5.983544394892272186e+10 5.076428113500000006e-01
6.230344722189648438e+10 5.076473573454000077e-01
6.487324701801364899e+10 5.076522860129000225e-01
6.754904208867875671e+10 5.076576295967000219e-01
7.033520436907398987e+10 5.076634230582000029e-01
7.324543714727056885e+10 5.076697244533999731e-01
7.627608551112040710e+10 5.076765579716000509e-01
7.943213185008914185e+10 5.076839685906000543e-01
8.271876470807011414e+10 5.076920050897999470e-01
8.615664575057249451e+10 5.077007599237000068e-01
8.973740883567013550e+10 5.077102573821999920e-01
9.346699229509494019e+10 5.077205605143000344e-01
9.735158126405676270e+10 5.077317377214000116e-01
1.014233800547990417e+11 5.077439418672999860e-01
1.056654847119207306e+11 5.077571878672000327e-01
1.100850183988115845e+11 5.077715647357999851e-01
1.146894022102887115e+11 5.077871690909999680e-01
1.195306724545844879e+11 5.078042652759999775e-01
1.245763024490295715e+11 5.078228345362000296e-01
1.298349186294869232e+11 5.078430038880999975e-01
1.353155115711188049e+11 5.078649112955000433e-01
1.411058033868714905e+11 5.078890395801000102e-01
1.471438678261802673e+11 5.079152756353999543e-01
1.534403073379670105e+11 5.079438036942000023e-01
1.600061780609201660e+11 5.079748240807999693e-01
1.669978545205761414e+11 5.080092830287999961e-01
1.742950413068212280e+11 5.080468165499999467e-01
1.819110880876874695e+11 5.080876990707999807e-01
1.898599278621684265e+11 5.081322294850000310e-01
1.984449815632870483e+11 5.081824589511000356e-01
2.074182327523030090e+11 5.082373280811000038e-01
2.167972348767644348e+11 5.082972654720000483e-01
2.266003351129400940e+11 5.083627392464999950e-01
2.375156822297034302e+11 5.084390388963999641e-01
2.489568220493906250e+11 5.085228535068999633e-01
2.609490820272922058e+11 5.086149230151000289e-01
2.735190096432810364e+11 5.087160600303000102e-01
2.890441036882410889e+11 5.088475149054000335e-01
3.054504108723746338e+11 5.089942768266999540e-01
3.227879493529963989e+11 5.091581269156000289e-01
3.411095763464478149e+11 5.093410527563999590e-01
3.589249141527425537e+11 5.095285446707999988e-01
3.776707044679028320e+11 5.097360564741000299e-01
3.973955426027651978e+11 5.099657202558000035e-01
4.181505618842611084e+11 5.102198938312000331e-01
4.359324714246137695e+11 5.104478494048999559e-01
4.544705590878632812e+11 5.106954977433999510e-01
4.737969814510679932e+11 5.109645313263000421e-01
4.939452625549738770e+11 5.112567867017000500e-01
5.123597571425976562e+11 5.115343941494000513e-01
5.314607521112166748e+11 5.118329291247000201e-01
5.512738404940344238e+11 5.121539569548999582e-01
5.718255694435329590e+11 5.124991583679999740e-01
5.912565144815584717e+11 5.128369425112999647e-01
6.113477336403594971e+11 5.131978403549000145e-01
6.321216633947686768e+11 5.135834161858999769e-01
6.536015026235889893e+11 5.139953379720000326e-01
6.742159157242618408e+11 5.144032955227000325e-01
6.954805017906914062e+11 5.148370509447000032e-01
7.174157671008540039e+11 5.152982113530000241e-01
7.400428646956831055e+11 5.157884810763000427e-01
7.619397809885753174e+11 5.162769710376999832e-01
7.844845988642209473e+11 5.167943001453999541e-01
8.076964888965531006e+11 5.173421372883000302e-01
8.315951888928266602e+11 5.179222440541999539e-01
8.548469551689246826e+11 5.185022300125999850e-01
8.787488510301646729e+11 5.191143912793000359e-01
9.033190543846075439e+11 5.197604663614999732e-01
9.285762514029431152e+11 5.204422825225000215e-01
9.532436697497412109e+11 5.211253995405999984e-01
9.785663724927613525e+11 5.218442838885000157e-01
1.004561767113024902e+12 5.226007447406999518e-01
1.031247723519216309e+12 5.233966758804999841e-01
1.057387475820762573e+12 5.241952445829000107e-01
1.084189810579545532e+12 5.250333958038999604e-01
1.111671522732866699e+12 5.259130051061999822e-01
1.139849832931374512e+12 5.268360277551999982e-01
1.167519213769411865e+12 5.277630486590999537e-01
1.195860257324511963e+12 5.287336571780999472e-01
1.224889267930371826e+12 5.297497859866000525e-01
1.254622945700494873e+12 5.308134413231000437e-01
1.283883694628702881e+12 5.318825817278000079e-01
1.313826872832219482e+12 5.329994671425000163e-01
1.344468396162254883e+12 5.341660728167999528e-01
1.375824551664380615e+12 5.353844397352000017e-01
1.406746577578939941e+12 5.366100189990999914e-01
1.438363584322106689e+12 5.378876081304000412e-01
1.470691191773994141e+12 5.392192044901999992e-01
1.503745370876265625e+12 5.406068611783000355e-01
1.536410796761527100e+12 5.420038366145000230e-01
1.569785804248466309e+12 5.434571391914000404e-01
1.603885807372263184e+12 5.449687609669999766e-01
1.638726555004227539e+12 5.465407370657000552e-01
1.673234359878567627e+12 5.481246884095000160e-01
1.708468819602107910e+12 5.497692675116000460e-01
1.744445235850941650e+12 5.514764253671999850e-01
1.781179232519647949e+12 5.532481401458000381e-01
1.817650686912069580e+12 5.550352432178999873e-01
1.854868931386343262e+12 5.568871695057000526e-01
1.892849257228468994e+12 5.588057830252000091e-01
1.931607268828767822e+12 5.607929552899000303e-01
1.970192279283152100e+12 5.627999220099999533e-01
2.009548048398247559e+12 5.648756863127000205e-01
2.049689972539409668e+12 5.670219668811999902e-01
2.090633755623637207e+12 5.692404658831999864e-01
2.131518082517949951e+12 5.714844030228000138e-01
2.173201941219994141e+12 5.738007357330999758e-01
2.215700967332644043e+12 5.761909638058000382e-01
2.259031102228441895e+12 5.786565417193000327e-01
2.302444081569322266e+12 5.811546359233999981e-01
2.346691350784708496e+12 5.837281350155999471e-01
2.391788942858440918e+12 5.863782280185999563e-01
2.437753198889139160e+12 5.891060248662000065e-01
2.483974883726641113e+12 5.918748827351999475e-01
2.531072967434587402e+12 5.947212716215000139e-01
2.579064067212781738e+12 5.976459566406999713e-01
2.627965115335863281e+12 6.006495854261999501e-01
2.677330338745479492e+12 6.037039285599999916e-01
2.727622867189516113e+12 6.068366356172999465e-01
2.778860119704855957e+12 6.100479120602000371e-01
2.831059842537335938e+12 6.133378042767999583e-01
2.883954261893965820e+12 6.166880407203999548e-01
2.937836939978328613e+12 6.201156193257000293e-01
2.992726341032395020e+12 6.236200310270000324e-01
3.048641274275037598e+12 6.272005661833000012e-01
3.105481309373987793e+12 6.308486199321999832e-01
3.163381091852380859e+12 6.345704105031999553e-01
3.222360380037844238e+12 6.383645548413999782e-01
3.282439300657359375e+12 6.422294340897000131e-01
3.343627070324375488e+12 6.461624578496999449e-01
3.405955437825454590e+12 6.501621941898999557e-01
3.469445664984932617e+12 6.542262565616000503e-01
3.534119409960831055e+12 6.583520034287000389e-01
3.599974163804139160e+12 6.625349739620000067e-01
3.667056054623738770e+12 6.667735039579999468e-01
3.735387948882708008e+12 6.710641633238000336e-01
3.804993139129913086e+12 6.754032759300999667e-01
3.875692377280914551e+12 6.797744238812000184e-01
3.947705253093638184e+12 6.841857058289000371e-01
4.021056174799221191e+12 6.886327650546999468e-01
4.095770004164776855e+12 6.931110452538999933e-01
4.169723519572256348e+12 6.974894291540000291e-01
4.245012344928797852e+12 7.018882851244000465e-01
4.321660590688394531e+12 7.063029490618000228e-01
4.399692802641691406e+12 7.107286492290999513e-01
4.476360434374338867e+12 7.150070645774000422e-01
4.554364051597270508e+12 7.192867680925999485e-01
4.633726934766580078e+12 7.235632694014999533e-01
4.714472770012395508e+12 7.278320672985000295e-01
4.795906285902240234e+12 7.320517713663999837e-01
4.878746410299071289e+12 7.362551145660000129e-01
4.963017439680040039e+12 7.404377894934000004e-01
5.048744090199137695e+12 7.445955732287999895e-01
5.138702975319350586e+12 7.488529537518000545e-01
5.230264754318951172e+12 7.530750885929999860e-01
5.323457987680365234e+12 7.572577811924999791e-01
5.418311744772885742e+12 7.613970600470000294e-01
5.514376950257123047e+12 7.654692135363000416e-01
5.612145365921487305e+12 7.694913106998999552e-01
5.711647189215795898e+12 7.734603238456999597e-01
5.812913152998121094e+12 7.773736205944999922e-01
5.891743451549654297e+12 7.803339029815999917e-01
5.971642786536223633e+12 7.832593590809999728e-01
6.052625655421489258e+12 7.861493767635000518e-01
6.134706752260712891e+12 7.890035247811000296e-01
6.217900970388388672e+12 7.918215502140999451e-01
6.302223405105866211e+12 7.946033722249999931e-01
6.387689356427598633e+12 7.973490399513000204e-01
6.474314331852089844e+12 8.000587166100000536e-01
6.601038583580419922e+12 8.038954753092000249e-01
6.730243257968910156e+12 8.076592332901999516e-01
6.861976905287687500e+12 8.113511149977999937e-01
6.996289026099917969e+12 8.149723397996000429e-01
7.131837994324469727e+12 8.184887662113999873e-01
7.270013143759083984e+12 8.219384404288000434e-01
7.410865355113359375e+12 8.253225987172999600e-01
7.554446494884493164e+12 8.286424672894999732e-01
7.773327509987121094e+12 8.334674609019000480e-01
7.998550339651763672e+12 8.381566124377000104e-01
8.230298730337688477e+12 8.427137378647999721e-01
8.468761752334778320e+12 8.471425521500000055e-01
8.891155814391712891e+12 8.544043290520000333e-01
9.334617506981025391e+12 8.613210948198000150e-01
9.800197614415445312e+12 8.679092623028999975e-01
1.028899933069522656e+13 8.741844714074999967e-01
1.106304673744648242e+13 8.829873723886999537e-01
1.189532618101785156e+13 8.911742410458000085e-01
1.279021849142740625e+13 8.987882844746000188e-01
1.375243407108124023e+13 9.058697092816000440e-01
1.494461874268381445e+13 9.133787793755999695e-01
1.624015270386282422e+13 9.202886966455999795e-01
1.764799520053809375e+13 9.266473689937999580e-01
1.917788214664782031e+13 9.324989068314000207e-01
2.110240447604251953e+13 9.386549091882000484e-01
2.322005481446766406e+13 9.442493521318999772e-01
2.555021377771964844e+13 9.493335680350000194e-01
2.811420684849078125e+13 9.539542345470000129e-01
3.137645799451771875e+13 9.587416168860000143e-01
3.501724667486017188e+13 9.630311052734999988e-01
3.908049675021266406e+13 9.668745899856000525e-01
4.361522881637467969e+13 9.703185953206999725e-01
4.946561893136675000e+13 9.738289979549999975e-01
5.610075936010414844e+13 9.769240711930999854e-01
6.362591369062147656e+13 9.796530629135999924e-01
7.216046519053993750e+13 9.820594276955999513e-01
8.336238497995523438e+13 9.844701212338999863e-01
9.630324875532226562e+13 9.865567266095000010e-01
1.112530036546108281e+14 9.883629191681000403e-01
1.285235023962405781e+14 9.899265385133999562e-01
1.517036241394191875e+14 9.914656328809999808e-01
1.790644446186646562e+14 9.927694103486000010e-01
2.113599823899390938e+14 9.938739486775000076e-01
2.494802485831583438e+14 9.948098473926000329e-01
3.021983111975729375e+14 9.957151120061999983e-01
3.660563103064721250e+14 9.964623166613000294e-01
4.434082433619999375e+14 9.970791485936999488e-01
5.371055347108040000e+14 9.975884997988999636e-01
6.720758640986427500e+14 9.980726006421000163e-01
8.409631588453658750e+14 9.984593553149999634e-01
1.052290481348840875e+15 9.987684158953999969e-01
1.316722671487200750e+15 9.990155219327999658e-01
1.719675448376779500e+15 9.992459596602000227e-01
2.245942681620270250e+15 9.994222912133999825e-01
2.933261932584543500e+15 9.995572821824000309e-01
3.830919477848214000e+15 9.996607393266000452e-01
5.311531786174694000e+15 9.997549952265000206e-01
7.364386038046684000e+15 9.998228864853999642e-01
1.021064805797686400e+16 9.998718318224000257e-01
1.415696206380398800e+16 9.999072113804999828e-01
2.146584705794468400e+16 9.999383946227999864e-01
3.254812634506922800e+16 9.999588931537000125e-01
4.935190890510171200e+16 9.999723941264000437e-01
7.483106359969628800e+16 9.999813541930999694e-01
1.313958067738389120e+17 9.999888350137999815e-01
2.307177956216865920e+17 9.999930535733999593e-01
4.051171991214340480e+17 9.999954424368999728e-01
7.113449770178723840e+17 9.999968360058999473e-01
1.643921276645314560e+18 9.999978857875999605e-01
3.799109083664335360e+18 9.999983218989000333e-01
8.779757300197490688e+18 9.999985029033999773e-01
2.029005657716756480e+19 9.999985942765999836e-01
2.464897838250113434e+19 9.999986055601000068e-01
2.994432928219107328e+19 9.999986148463999580e-01
3.637728275168458752e+19 9.999986224903999465e-01
4.419223045289057485e+19 9.999986287840999521e-01
5.368606681627484160e+19 9.999986339648000433e-01
6.521946823376021094e+19 9.999986382287000541e-01
7.923059536566650470e+19 9.999986417384999493e-01
9.625173912025918669e+19 9.999986446285999975e-01
1.130157458089271951e+20 9.999986466240999849e-01
1.326995118995842335e+20 9.999986483238000323e-01
1.558115670728449720e+20 9.999986497717000544e-01
1.829490107850554081e+20 9.999986510055000055e-01
2.148129383204894147e+20 9.999986520568999726e-01
2.522265535728524329e+20 9.999986529533000379e-01
2.961564365007022326e+20 9.999986537178999768e-01
3.477375147002198753e+20 9.999986543711000264e-01
3.820694911077527060e+20 9.999986547090999878e-01
4.197910488929714176e+20 9.999986550178999734e-01
4.612368399783343555e+20 9.999986553001000145e-01
5.067745563277173719e+20 9.999986555586000136e-01
5.568081919766391030e+20 9.999986557955999888e-01
6.117816271180487721e+20 9.999986560136000513e-01
6.721825660474484326e+20 9.999986562146999658e-01
7.385468638975269274e+20 9.999986564010000523e-01
8.008813454700127191e+20 9.999986565509000336e-01
8.684769523453828792e+20 9.999986566926000187e-01
9.417777315218368758e+20 9.999986568273000476e-01
1.021265208242185437e+21 9.999986569562999694e-01
1.091565245344356631e+21 9.999986570587999779e-01
1.166704471304436580e+21 9.999986571590999684e-01
1.247015997593790710e+21 9.999986572578000166e-01
1.332855865818276168e+21 9.999986573557999581e-01
1.388378989250073592e+21 9.999986574158999941e-01
1.446215053874377261e+21 9.999986574761999814e-01
1.506460410483685458e+21 9.999986575370000130e-01
1.569215423581036216e+21 9.999986575985000403e-01
1.634584638579609174e+21 9.999986576609000144e-01
1.702676955967313674e+21 9.999986577245000285e-01
1.773605812728895898e+21 9.999986577895000339e-01
1.847489371323015889e+21 9.999986578562000128e-01
1.915191807407940960e+21 9.999986579167999823e-01
1.985375242800749347e+21 9.999986579791000363e-01
2.058130595316738032e+21 9.999986580434000460e-01
2.133552114512749658e+21 9.999986581099999938e-01
2.204601261959378633e+21 9.999986581727999813e-01
2.278016408023151149e+21 9.999986582379000177e-01
2.353876342523451146e+21 9.999986583055000544e-01
2.432262479047970783e+21 9.999986583758000425e-01
2.509643000880048898e+21 9.999986584458000483e-01
2.589485323282789433e+21 9.999986585187999877e-01
2.671867766509194969e+21 9.999986585950000340e-01
2.756871142509875036e+21 9.999986586746000272e-01
2.843358356480434635e+21 9.999986587567000207e-01
2.932558805053976609e+21 9.999986588427000056e-01
3.024557606500285022e+21 9.999986589328999642e-01
3.119442549377434911e+21 9.999986590275999898e-01
3.217899247824952361e+21 9.999986591277000292e-01
3.319463463500790104e+21 9.999986592328999890e-01
3.424233276712633238e+21 9.999986593437000248e-01
3.532309863409399103e+21 9.999986594605000390e-01
3.646366902648478106e+21 9.999986595865000272e-01
3.764106803445918859e+21 9.999986597197000338e-01
3.885648484100499571e+21 9.999986598604000410e-01
4.011114702737434477e+21 9.999986600093999645e-01
4.145379481485849919e+21 9.999986601728999558e-01
4.284138529819486323e+21 9.999986603463999479e-01
4.427542285252353851e+21 9.999986605306999676e-01
4.575746220911364145e+21 9.999986607265000105e-01
4.736240431067153039e+21 9.999986609447000241e-01
4.902363972535508271e+21 9.999986611773999945e-01
5.074314294010874692e+21 9.999986614256000106e-01
5.252295769682460279e+21 9.999986616905000014e-01
5.447034592733621649e+21 9.999986619895999684e-01
5.648993726839259136e+21 9.999986623101999594e-01
5.858440878718062690e+21 9.999986626539999479e-01
6.075653680827910324e+21 9.999986630224999562e-01
6.315356519803944698e+21 9.999986634434999688e-01
6.564516357815675126e+21 9.999986638972000463e-01
6.823506301965261865e+21 9.999986643860000468e-01
7.092714179548902588e+21 9.999986649129000149e-01
7.391499708145642504e+21 9.999986655200999719e-01
7.702871785395400475e+21 9.999986661777999775e-01
8.027360628432916447e+21 9.999986668904999876e-01
8.365518790159574761e+21 9.999986676627999893e-01
8.740848429318882198e+21 9.999986685551000010e-01
9.133017710058033644e+21 9.999986695268999748e-01
9.542782164309358150e+21 9.999986705854000402e-01
9.970931221904477913e+21 9.999986717380999757e-01
1.044125313290220025e+22 9.999986730591999828e-01
1.093375980227869750e+22 9.999986745037999780e-01
1.144949766970031473e+22 9.999986760832999533e-01
1.198956253467115939e+22 9.999986778099000384e-01
1.256881536076674708e+22 9.999986797438999986e-01
1.317605368137335072e+22 9.999986818617000450e-01
1.381262956224014660e+22 9.999986841800000414e-01
1.447996039158382880e+22 9.999986867171000160e-01
1.517388055980320122e+22 9.999986894697999729e-01
1.590105532173678700e+22 9.999986924779999953e-01
1.666307833045572806e+22 9.999986957640000229e-01
1.746161961132861109e+22 9.999986993517999689e-01
1.827291312127017694e+22 9.999987031454999897e-01
1.912190056647565613e+22 9.999987072724000337e-01
2.001033326473325943e+22 9.999987117592999963e-01
2.094004390273550280e+22 9.999987166345000178e-01
2.187708320378983023e+22 9.999987217293999642e-01
2.285605377565513902e+22 9.999987272410000294e-01
2.387883198731060773e+22 9.999987331990000117e-01
2.494737817275603301e+22 9.999987396339999890e-01
2.602931750489934948e+22 9.999987463607999949e-01
2.715817931163135325e+22 9.999987535965000340e-01
2.833599856715047423e+22 9.999987613719000246e-01
2.956489850015947371e+22 9.999987697183999602e-01
3.082610710319127645e+22 9.999987785195000312e-01
3.214111758687988718e+22 9.999987879345999531e-01
3.351222508488978806e+22 9.999987979936999505e-01
3.494182263898769457e+22 9.999988087261999503e-01
3.644187393217029525e+22 9.999988202339999965e-01
3.800632237787694760e+22 9.999988324798999573e-01
3.963793254373027899e+22 9.999988454891000078e-01
4.133958768019598056e+22 9.999988592842999902e-01
4.318873466410892473e+22 9.999988745021000103e-01
4.512059521048000856e+22 9.999988906108999709e-01
4.713886915148638061e+22 9.999989076226000195e-01
4.924742181511713784e+22 9.999989255433000546e-01
5.168048232811520537e+22 9.999989463442999771e-01
5.423374778264711070e+22 9.999989682358000342e-01
5.691315688344149348e+22 9.999989911922000374e-01
5.972494173592311195e+22 9.999990151751000367e-01
6.334205341335677829e+22 9.999990457303999936e-01
6.717822762157408571e+22 9.999990776052000152e-01
7.124673140804698715e+22 9.999991106396000085e-01
7.556163531026210593e+22 9.999991446453000421e-01
8.120604540382799200e+22 9.999991873176999890e-01
8.727208963983304504e+22 9.999992306702000233e-01
9.379126384284119387e+22 9.999992742227999942e-01
1.007974165571221292e+23 9.999993174932000350e-01
1.045811956424531006e+23 9.999993393627000238e-01
1.085070119412027223e+23 9.999993609720999599e-01
1.125801973106029195e+23 9.999993822645000252e-01
1.168062837576156924e+23 9.999994031872000422e-01
1.211910109521567526e+23 9.999994236924999447e-01
1.257403340224735813e+23 9.999994437375999690e-01
1.304604316431077144e+23 9.999994632862000410e-01
1.353577144264873759e+23 9.999994823079999540e-01
1.411832401678630472e+23 9.999995033829000013e-01
1.472594849044982294e+23 9.999995237136000137e-01
1.535972390813321658e+23 9.999995432863999500e-01
1.602077575424701933e+23 9.999995620984000189e-01
1.650114083153511155e+23 9.999995748376999671e-01
1.699590911944278378e+23 9.999995872118000451e-01
1.750551248216204656e+23 9.999995992281000001e-01
1.752613831211455705e+23 9.999995996998000125e-01
1.754678844440391828e+23 9.999996001708999493e-01
1.756746290766522415e+23 9.999996006414000327e-01
1.758816173056441513e+23 9.999996011113999606e-01
1.760888494180446576e+23 9.999996015808000349e-01
1.762963257012229421e+23 9.999996020496999538e-01
1.765040464428258159e+23 9.999996025180000192e-01
1.767120119309322043e+23 9.999996029858000401e-01
1.769433405166459615e+23 9.999996035047999943e-01
1.771749719278877629e+23 9.999996040231999839e-01
1.774069065611054374e+23 9.999996045408999779e-01
1.776391448132714035e+23 9.999996050578999762e-01
1.778534881938363164e+23 9.999996055338999934e-01
1.780680902059292602e+23 9.999996060093000461e-01
1.782829511616356113e+23 9.999996064841000232e-01
1.784980713733803171e+23 9.999996069583000358e-01
1.786945244700987558e+23 9.999996073903999472e-01
1.788911937810474541e+23 9.999996078220999562e-01
1.790880795441322336e+23 9.999996082532000008e-01
1.792851819976599588e+23 9.999996086839000320e-01
1.794203956203572880e+23 9.999996089788000253e-01
1.795557112187124019e+23 9.999996092734999564e-01
1.796911288696512855e+23 9.999996095679000163e-01
1.798266486500998230e+23 9.999996098622000451e-01
1.799073119813316379e+23 9.999996100371000285e-01
1.799880114950953364e+23 9.999996102118999808e-01
1.800687472075289899e+23 9.999996103867000441e-01
1.801495191348941496e+23 9.999996105613999653e-01
1.801881185482040987e+23 9.999996106448000299e-01
1.802267262319630683e+23 9.999996107281999835e-01
1.802653421878990780e+23 9.999996108116000482e-01
1.803039664178326573e+23 9.999996108950000018e-01
