3.403418248021088489e-07 1.000000000000000000e+00
3.894332030283709838e-07 1.000000000000000000e+00
4.456055899362908089e-07 1.000000000000000000e+00
5.098803600678425672e-07 1.000000000000000000e+00
5.834262124497433672e-07 1.000000000000000000e+00
7.835620897604197164e-07 1.000000000000000000e+00
1.052351669172064145e-06 1.000000000000000000e+00
1.413345604745904547e-06 1.000000000000000000e+00
1.898173259920761209e-06 1.000000000000000000e+00
2.549313991269657095e-06 1.000000000000000000e+00
3.423819080853383061e-06 1.000000000000000000e+00
4.598310423337489153e-06 1.000000000000000000e+00
6.175693940025068415e-06 1.000000000001000089e+00
7.289185886065897751e-06 1.000000000001000089e+00
8.603443013461939306e-06 1.000000000001000089e+00
1.015466375022996304e-05 1.000000000001999956e+00
1.198557318492718280e-05 1.000000000001999956e+00
1.414659983872512781e-05 1.000000000003000045e+00
1.669726461214152073e-05 1.000000000005000000e+00
1.970782016218363387e-05 1.000000000006999956e+00
2.326118586289075839e-05 1.000000000008999912e+00
2.595770657503176237e-05 1.000000000011999957e+00
2.896681771114620105e-05 1.000000000013999912e+00
3.232475588262716514e-05 1.000000000018000046e+00
3.607195837979709302e-05 1.000000000021999957e+00
4.025355012975862401e-05 1.000000000028000047e+00
4.491988710423597725e-05 1.000000000035000003e+00
5.012716272111860565e-05 1.000000000043000048e+00
5.593808454235385633e-05 1.000000000053999916e+00
6.149887712715191592e-05 1.000000000065000005e+00
6.761246687013559864e-05 1.000000000078999918e+00
7.433380721429151130e-05 1.000000000095000008e+00
8.172331451221403250e-05 1.000000000115000010e+00
8.859169042206308724e-05 1.000000000136000100e+00
9.603731393771786507e-05 1.000000000158999924e+00
1.041086994099832034e-04 1.000000000186999971e+00
1.128584385426227712e-04 1.000000000220000018e+00
1.210792268076312265e-04 1.000000000253000065e+00
1.298988303723879378e-04 1.000000000290999891e+00
1.393608678962169375e-04 1.000000000335000028e+00
1.495121352909939308e-04 1.000000000385999899e+00
1.591430879813997442e-04 1.000000000436999992e+00
1.693944267664243216e-04 1.000000000495000041e+00
1.803061143496674350e-04 1.000000000560999913e+00
1.919206876664354515e-04 1.000000000635999919e+00
2.030185876095301392e-04 1.000000000712000015e+00
2.147582286001460889e-04 1.000000000795999933e+00
2.271767196025219876e-04 1.000000000890999940e+00
2.403133154234350394e-04 1.000000000997000038e+00
2.529328956075619999e-04 1.000000001105000091e+00
2.662151681761638976e-04 1.000000001224000012e+00
2.801949331138760919e-04 1.000000001355999979e+00
2.949088178580075307e-04 1.000000001502000080e+00
3.091028734044183515e-04 1.000000001649999914e+00
3.239800933753602037e-04 1.000000001812000106e+00
3.395733586927586782e-04 1.000000001991000032e+00
3.559171328476468652e-04 1.000000002186999914e+00
3.717366906212591347e-04 1.000000002386000064e+00
3.882593851225900252e-04 1.000000002603000038e+00
4.055164688851831470e-04 1.000000002838999924e+00
4.235405835332732159e-04 1.000000003096999990e+00
4.410350548782686992e-04 1.000000003358999967e+00
4.592521406304225632e-04 1.000000003642000035e+00
4.782216885952847159e-04 1.000000003949000016e+00
4.979747794511985579e-04 1.000000004282000088e+00
5.183551347047398415e-04 1.000000004639000073e+00
5.395695861758897796e-04 1.000000005026999927e+00
5.616522704885960893e-04 1.000000005446999962e+00
5.846387213565285013e-04 1.000000005902000000e+00
6.085603237933124351e-04 1.000000006395000085e+00
6.334607239769944262e-04 1.000000006927999952e+00
6.593799712743408795e-04 1.000000007506999911e+00
6.863597537476625850e-04 1.000000008133999918e+00
7.144433012588932014e-04 1.000000008813000107e+00
7.436759336877004625e-04 1.000000009549000035e+00
7.741046677484897083e-04 1.000000010346999924e+00
8.057784439227408477e-04 1.000000011210999906e+00
8.387482046360323490e-04 1.000000012147000072e+00
8.730669777600255383e-04 1.000000013161000068e+00
9.087899603744399287e-04 1.000000014260000070e+00
9.459746080380874696e-04 1.000000015451000035e+00
9.846807343872724955e-04 1.000000016740999920e+00
1.024970586350856154e-03 1.000000018139000080e+00
1.066908964698767793e-03 1.000000019653999983e+00
1.110563321633800714e-03 1.000000021294999986e+00
1.156003881331402455e-03 1.000000023074000044e+00
1.203303717690560812e-03 1.000000025000999937e+00
1.252538906133121100e-03 1.000000027088000065e+00
1.303788634832589227e-03 1.000000029349999986e+00
1.357135351728475320e-03 1.000000031801000056e+00
1.412664839763408224e-03 1.000000034456999920e+00
1.470466410710362338e-03 1.000000037333999892e+00
1.530633030683061337e-03 1.000000040451999972e+00
1.593261501588209665e-03 1.000000043830000074e+00
1.658452523600448085e-03 1.000000047489999933e+00
1.726310947886182303e-03 1.000000051455999905e+00
1.796945915775097777e-03 1.000000055752999994e+00
1.870471086105816123e-03 1.000000060409000024e+00
1.947004666775669843e-03 1.000000065453999998e+00
2.026669752131095726e-03 1.000000070919000006e+00
2.109594473137777013e-03 1.000000076842000096e+00
2.195912287342787102e-03 1.000000083258999917e+00
2.285761948613493182e-03 1.000000090211000003e+00
2.379287968760444589e-03 1.000000097745000094e+00
2.476640772554028133e-03 1.000000105907000059e+00
2.577977075461283449e-03 1.000000114751000035e+00
2.683459739197120199e-03 1.000000124333999985e+00
2.793258419725953064e-03 1.000000134717000000e+00
2.907549714796024178e-03 1.000000145967000043e+00
3.026517667739428690e-03 1.000000158156000074e+00
3.150353421826595189e-03 1.000000171363000012e+00
3.279256152443576783e-03 1.000000185673999953e+00
3.413433184618609468e-03 1.000000201178999903e+00
3.553100682158341541e-03 1.000000217978999961e+00
3.698482956819347175e-03 1.000000236181999957e+00
3.849813840224383665e-03 1.000000255905000079e+00
4.007336731687553659e-03 1.000000277275000071e+00
4.171305565261778509e-03 1.000000300429999989e+00
4.341983537644013291e-03 1.000000325518000110e+00
4.519645167732911847e-03 1.000000352702000050e+00
4.704576206959347473e-03 1.000000382155999956e+00
4.897075030288221449e-03 1.000000414068999977e+00
5.097450396658261690e-03 1.000000448646999995e+00
5.306024593389100340e-03 1.000000486113999942e+00
5.523133094952532331e-03 1.000000526708000104e+00
5.749126609611622703e-03 1.000000570692999968e+00
5.984367243212860427e-03 1.000000618352000048e+00
6.229233365941532104e-03 1.000000669989999924e+00
6.484118830007908410e-03 1.000000725940999979e+00
6.749436041873509151e-03 1.000000786563999933e+00
7.025609504952019801e-03 1.000000852249999905e+00
7.313083435394950732e-03 1.000000923421999977e+00
7.612320225791332357e-03 1.000001000536999918e+00
7.923805135384025949e-03 1.000001084093000037e+00
8.248035547797960554e-03 1.000001174626999889e+00
8.585532990199868167e-03 1.000001272722000012e+00
8.936840329873792926e-03 1.000001379008000013e+00
9.302529033638517672e-03 1.000001494172999994e+00
9.683181440806126750e-03 1.000001618955999927e+00
1.007940985473428086e-02 1.000001754159000056e+00
1.049185163375526871e-02 1.000001900653999964e+00
1.092118055154111568e-02 1.000002059387000042e+00
1.136807770475873648e-02 1.000002231375999973e+00
1.183326198954039524e-02 1.000002417728999893e+00
1.231748171939912352e-02 1.000002619645000035e+00
1.282153255535089728e-02 1.000002838431000018e+00
1.334620994882343252e-02 1.000003075490000004e+00
1.389235797118421739e-02 1.000003332346999896e+00
1.446085523452264252e-02 1.000003610657000053e+00
1.505264337780364697e-02 1.000003912224000091e+00
1.566864953591586701e-02 1.000004238977999949e+00
1.630986479367134770e-02 1.000004593024000021e+00
1.697732079450156931e-02 1.000004976639000009e+00
1.767213522409605622e-02 1.000005392320999942e+00
1.839538565353654800e-02 1.000005842723999949e+00
1.914823585556806387e-02 1.000006330746999961e+00
1.993189723151177900e-02 1.000006859533000059e+00
2.074770171204997488e-02 1.000007432537000085e+00
2.159689673954252875e-02 1.000008053406999942e+00
2.248084897555683789e-02 1.000008726139000048e+00
2.340098101855415252e-02 1.000009455067000008e+00
2.435888859133032019e-02 1.000010244982000085e+00
2.535600763636714633e-02 1.000011100889000026e+00
2.639394325586237600e-02 1.000012028301000111e+00
2.747436625608189187e-02 1.000013033192000078e+00
2.859920195881027888e-02 1.000014122217999901e+00
2.977008987422263137e-02 1.000015302240000015e+00
3.098891543881671443e-02 1.000016580862000071e+00
3.225764128127851793e-02 1.000017966319999951e+00
3.357861200991427153e-02 1.000019467892999891e+00
3.495367732193249699e-02 1.000021094961000001e+00
3.638505242459378480e-02 1.000022858012000082e+00
3.787504323929006406e-02 1.000024768410999965e+00
3.942653922203640665e-02 1.000026839138000057e+00
4.104158997801915509e-02 1.000029082980999906e+00
4.272279893596355599e-02 1.000031514413000089e+00
4.447287617025486722e-02 1.000034149116999949e+00
4.629543653643553025e-02 1.000037005352000019e+00
4.819268796320572840e-02 1.000040100477000093e+00
5.016769139418209011e-02 1.000043454470000093e+00
5.222363321470553654e-02 1.000047088981000032e+00
5.436512006702631100e-02 1.000051029890999921e+00
5.659442091572141481e-02 1.000055300606000008e+00
5.891513666917271019e-02 1.000059928723999958e+00
6.133101589500678658e-02 1.000064944153000068e+00
6.384805959797873465e-02 1.000070383928000073e+00
6.646840354648302085e-02 1.000076279319999983e+00
6.919628721437015573e-02 1.000082668482999981e+00
7.203612406462361895e-02 1.000089592771000069e+00
7.499593153297377801e-02 1.000097105857999935e+00
7.807735104477642185e-02 1.000105248934000102e+00
8.128537937412214087e-02 1.000114074814999920e+00
8.462521860150416797e-02 1.000123640745999909e+00
8.810788410957248740e-02 1.000134025801999949e+00
9.173387520356837688e-02 1.000145283051000034e+00
9.550909030342806527e-02 1.000157485728000006e+00
9.943967057256720976e-02 1.000170713214999951e+00
1.035412099986977169e-01 1.000185084443000028e+00
1.078119236142175974e-01 1.000200665321999915e+00
1.122587892641787044e-01 1.000217557640999955e+00
1.168890726052819601e-01 1.000235871747999994e+00
1.217255469364557918e-01 1.000255791168999986e+00
1.267621382113491846e-01 1.000277392466000004e+00
1.320071265919268988e-01 1.000300817587999935e+00
1.374691348452555806e-01 1.000326220455000081e+00
1.431825002984464246e-01 1.000353893273000061e+00
1.491333193795995604e-01 1.000383912908000106e+00
1.553314609174927530e-01 1.000416478276000110e+00
1.617872039000823603e-01 1.000451805126999938e+00
1.685540682143978619e-01 1.000490376472999987e+00
1.756039614181421626e-01 1.000532239496999987e+00
1.829487213949201607e-01 1.000577674894000069e+00
1.906006811563249193e-01 1.000626987251999944e+00
1.986463191005589934e-01 1.000681011590000002e+00
2.070315795977816786e-01 1.000739688531000038e+00
2.157707987986724751e-01 1.000803418328999994e+00
2.248789180118169195e-01 1.000872635584999948e+00
2.345017213651101051e-01 1.000948864948999928e+00
2.445362945062960480e-01 1.001031748548000033e+00
2.550002574939633782e-01 1.001121866377000069e+00
2.659119843672504979e-01 1.001219848799999923e+00
2.775313517190102219e-01 1.001328682632000033e+00
2.896584423235375461e-01 1.001447216672000096e+00
3.023154418036631541e-01 1.001576313658999906e+00
3.155255052116198167e-01 1.001716912672000026e+00
3.297928834668187870e-01 1.001875485066000104e+00
3.447054015883912470e-01 1.002048681942000030e+00
3.602922314003666471e-01 1.002237847998000086e+00
3.765838638132103511e-01 1.002444450654000008e+00
3.947239234474752001e-01 1.002685167312000081e+00
4.137377904727712608e-01 1.002949539028000103e+00
4.336675562256764316e-01 1.003239880189999989e+00
4.545573395842145148e-01 1.003558729120000104e+00
4.803582718670399432e-01 1.003973023978000034e+00
5.076236796927966477e-01 1.004435397086999915e+00
5.364366875234718446e-01 1.004951390470000039e+00
5.668851380127417627e-01 1.005527173558000031e+00
5.964921937255597273e-01 1.006117026527000080e+00
6.276455551872577310e-01 1.006769519494999932e+00
6.604259822515620160e-01 1.007491234875999897e+00
6.949184526649345717e-01 1.008289427678999983e+00
7.244699544195345453e-01 1.009004806839000068e+00
7.552781378075027474e-01 1.009781477508999936e+00
7.873964433854456768e-01 1.010624609074999958e+00
8.208805842783611917e-01 1.011539789538999923e+00
8.514833700973607478e-01 1.012408400728999958e+00
8.832270411046172498e-01 1.013341734156999907e+00
9.161541299968527508e-01 1.014344506118999956e+00
9.503087551080051654e-01 1.015421757214000076e+00
9.826007654279135251e-01 1.016474825068000021e+00
1.015990075888413502e+00 1.017598818948000083e+00
1.050513973346907992e+00 1.018798370742999948e+00
1.086211011689080408e+00 1.020078390909999966e+00
1.120469810696698154e+00 1.021344562249999921e+00
1.155809122879503992e+00 1.022689128092999944e+00
1.192263027328285041e+00 1.024116741809000031e+00
1.229866677979959411e+00 1.025632302363000070e+00
1.266256850744098994e+00 1.027140126638000028e+00
1.303723761904421075e+00 1.028734527302000101e+00
1.342299270764221619e+00 1.030420198547000066e+00
1.382016179303760195e+00 1.032202049272999966e+00
1.420657957924124970e+00 1.033980305278999978e+00
1.460380177626053211e+00 1.035853696241000099e+00
1.501213048015590523e+00 1.037826930603999998e+00
1.543187623373193817e+00 1.039904897725000055e+00
1.584182053971472603e+00 1.041982233201999897e+00
1.626265492358300202e+00 1.044163333962000006e+00
1.669466867778018004e+00 1.046452860970999987e+00
1.713815877976902602e+00 1.048855616093999910e+00
1.757257159367463073e+00 1.051259851488999919e+00
1.801799577090045013e+00 1.053776218072000059e+00
1.847471042411320763e+00 1.056409233991000063e+00
1.894300174084901034e+00 1.059163509390999902e+00
1.940283523315668779e+00 1.061920665836999955e+00
1.987383099232706174e+00 1.064797653936000010e+00
2.035625997775556417e+00 1.067798717864000047e+00
2.085039972624574300e+00 1.070928133590999920e+00
2.133667993778915584e+00 1.074061170006999966e+00
2.183430134409058976e+00 1.077320581831999968e+00
2.234352844841045460e+00 1.080710168286000084e+00
2.286463192283528567e+00 1.084233686691999932e+00
2.337852065958552217e+00 1.087760899969000050e+00
2.390395918356721605e+00 1.091419270565999966e+00
2.444120707933933989e+00 1.095211937153000026e+00
2.499052976570268036e+00 1.099141907546999919e+00
2.553339181781944855e+00 1.103074928475000105e+00
2.608804630533210211e+00 1.107141383986000038e+00
2.665474939189204306e+00 1.111343487492999937e+00
2.723376280574453023e+00 1.115683216344999895e+00
2.780724309141199946e+00 1.120024513441999936e+00
2.839279955033993996e+00 1.124498113605000071e+00
2.899068647890011174e+00 1.129104988299999945e+00
2.960116352836732911e+00 1.133845751840000027e+00
3.020727742520423753e+00 1.138585533827999985e+00
3.082580211986018615e+00 1.143451991905999998e+00
3.145699173603545784e+00 1.148444487754999965e+00
3.210110560086637754e+00 1.153561891680999985e+00
3.274234438433697658e+00 1.158674278624000076e+00
3.339639229601885528e+00 1.163901936740000087e+00
3.406350520591112208e+00 1.169242206794000039e+00
3.474394409516975646e+00 1.174691797269999949e+00
3.542339489049135093e+00 1.180130117915999977e+00
3.611613299084922790e+00 1.185665054370000027e+00
3.682241824209669279e+00 1.191291492119000095e+00
3.754251557162951780e+00 1.197003548729000055e+00
3.826398968117501020e+00 1.202694637430000046e+00
3.899932873510926434e+00 1.208454819893999943e+00
3.974879918330315842e+00 1.214276108848999947e+00
4.051267259614311556e+00 1.220149638464999908e+00
4.128082418159365830e+00 1.225987099678000014e+00
4.206354051482840362e+00 1.231855632949000023e+00
4.286109775471995675e+00 1.237744049285000036e+00
4.367377729632466732e+00 1.243640225267000021e+00
4.449417090078823023e+00 1.249476925626000101e+00
4.532997525531186511e+00 1.255294806540999897e+00
4.618147984438420117e+00 1.261079354745000103e+00
4.704897959033279342e+00 1.266815162407000095e+00
4.792802439869761066e+00 1.272455954798999977e+00
4.882349293785486211e+00 1.278015607094999950e+00
4.973569206240738616e+00 1.283476543202000109e+00
5.066493436007994511e+00 1.288820477395999919e+00
5.160955079350987518e+00 1.294017809489999893e+00
5.257177901743506077e+00 1.299060459771999909e+00
5.355194739268324788e+00 1.303928667250999984e+00
5.455039040245848625e+00 1.308602336979000080e+00
5.556726121634467219e+00 1.313060375754000031e+00
5.660308746289578252e+00 1.317283330940999919e+00
5.765822248933685223e+00 1.321250974607999895e+00
5.873302622950586915e+00 1.324943325381999992e+00
5.982745698753719310e+00 1.328339626303999932e+00
6.094228135989083306e+00 1.331422393830000050e+00
6.207787936105411575e+00 1.334173528158999922e+00
6.323463808657328045e+00 1.336575902517000092e+00
6.440957863810797157e+00 1.338608308438000050e+00
6.560635034651431496e+00 1.340263618552000047e+00
6.682535884870303811e+00 1.341528927109999936e+00
6.806701731883453732e+00 1.342393019033000012e+00
6.929604023977760541e+00 1.342839502151000008e+00
7.054725448624345141e+00 1.342891318838000059e+00
7.182106074642691240e+00 1.342543661599000071e+00
7.311786694332056413e+00 1.341793738286999993e+00
7.439199537622418923e+00 1.340687488991000098e+00
7.568832636137377889e+00 1.339207018351000089e+00
7.700724679334750356e+00 1.337355633589000004e+00
7.834915030856245188e+00 1.335138628768000046e+00
7.970248229028293885e+00 1.332587179931000065e+00
8.107919049808753442e+00 1.329692680980000041e+00
8.247967871166341780e+00 1.326466257959999950e+00
8.390435768524730165e+00 1.322921051021999972e+00
8.539937156181608202e+00 1.318947134959000067e+00
8.692102370306713510e+00 1.314669141918000106e+00
8.846978875158287181e+00 1.310108539048999932e+00
9.004614980706399763e+00 1.305289410644000059e+00
9.164264375051880407e+00 1.300263850237000085e+00
9.326744310094483126e+00 1.295038000391999899e+00
9.492104970545200970e+00 1.289644708681999985e+00
9.660397430902374794e+00 1.284120390792000022e+00
9.791404379322329987e+00 1.279822010276000066e+00
9.924187944140765438e+00 1.275488905478000090e+00
1.005877221848568936e+01 1.271140269125000000e+00
1.019518162219789126e+01 1.266794839347000101e+00
1.033344090629746681e+01 1.262470263255000003e+00
1.047357515745035350e+01 1.258181738066999955e+00
1.061560980253226916e+01 1.253941540540999933e+00
1.075957061323371988e+01 1.249758942389000094e+00
1.097017183909204618e+01 1.243853766059999977e+00
1.118489524397886825e+01 1.238092090262999934e+00
1.140382151289539969e+01 1.232478829933000064e+00
1.162703291012130080e+01 1.227014720422000105e+00
1.185229980641452130e+01 1.221750408267999966e+00
1.208193111579065260e+01 1.216627092024999968e+00
1.231601139617501772e+01 1.211641097096999964e+00
1.255462684375928006e+01 1.206788460140000074e+00
1.291838207978584130e+01 1.199803703234000096e+00
1.329267668694863680e+01 1.193091985784999975e+00
1.367781603086664610e+01 1.186640489198999893e+00
1.407411432475699264e+01 1.180437002889000109e+00
1.477608498981305551e+01 1.170404379687000063e+00
1.551306764946002659e+01 1.161005584730000040e+00
1.628680858715474145e+01 1.152192567376999932e+00
1.709914118526596738e+01 1.143921743236999911e+00
1.838551952651466692e+01 1.132517565706999907e+00
1.976867285890581982e+01 1.122113502376000049e+00
2.125588162134121362e+01 1.112607488197999928e+00
2.285497396437198248e+01 1.103910002199000040e+00
2.483624866013629173e+01 1.094834627450000042e+00
2.698927806567031951e+01 1.086614075838000071e+00
2.932895142393859800e+01 1.079157626820000049e+00
3.187144871140396418e+01 1.072385851599999995e+00
3.506978491173233436e+01 1.065352890943999986e+00
3.858907779473722854e+01 1.059040868494000032e+00
4.246153572928997733e+01 1.053369024306000101e+00
4.672259923080707011e+01 1.048266887001999992e+00
5.214408786491519265e+01 1.043032562620000103e+00
5.819466262636648679e+01 1.038386663368999985e+00
6.494731995254790036e+01 1.034258821282999952e+00
7.248352647219763867e+01 1.030587934866000088e+00
8.220620633152020673e+01 1.026873024998000039e+00
9.323305154051691090e+01 1.023619631892999982e+00
1.057389981542520729e+02 1.020768077999000045e+00
1.199224475218368298e+02 1.018266930378999957e+00
1.385387581919916045e+02 1.015773571400000019e+00
1.600449950613202077e+02 1.013625099294999998e+00
1.848897794268357586e+02 1.011772655921000075e+00
2.135913748717964040e+02 1.010174595405999964e+00
2.521140884651194369e+02 1.008606549802999908e+00
2.975846456381192979e+02 1.007281903675000034e+00
3.512561390706878797e+02 1.006162381340999890e+00
4.146076655610422677e+02 1.005215865990999990e+00
5.022190616438775805e+02 1.004302051200999912e+00
6.083437592433937198e+02 1.003548901127000015e+00
7.368938331387081462e+02 1.002927987687999956e+00
8.926080247676761701e+02 1.002415970391999922e+00
1.116913289434124863e+03 1.001929844303000028e+00
1.397584674906624059e+03 1.001541683828000018e+00
1.748786536977985406e+03 1.001231692236999926e+00
2.188242620876806086e+03 1.000984092951000104e+00
2.857904091499558490e+03 1.000753327480000010e+00
3.732500097698511581e+03 1.000576706674999983e+00
4.874746154273503635e+03 1.000441513631999957e+00
6.366550421058856955e+03 1.000338023590999992e+00
8.827158891037865033e+03 1.000243775092999998e+00
1.223876808230417009e+04 1.000175809791000070e+00
1.696893032304346707e+04 1.000126795843000016e+00
2.352725326371285701e+04 1.000091447725000027e+00
3.567378495303302770e+04 1.000060308901999928e+00
5.409126677944956464e+04 1.000039773566999912e+00
8.201723326127364999e+04 1.000026230748999989e+00
1.243606769141819823e+05 1.000017299313000096e+00
2.183648165351746429e+05 1.000009852036999991e+00
3.834266126851802110e+05 1.000005610797999989e+00
6.732584930481124902e+05 1.000003195391000022e+00
1.182174067906805547e+06 1.000001819800999892e+00
2.732009314352005254e+06 1.000000787450000095e+00
6.313685180832200684e+06 1.000000340738999904e+00
1.459095338849656843e+07 1.000000147441999943e+00
3.371975552909085900e+07 1.000000063799999950e+00
4.096378548471307009e+07 1.000000052517999949e+00
4.976405359136919677e+07 1.000000043230999891e+00
6.045488717758186162e+07 1.000000035585999925e+00
7.344243725932160020e+07 1.000000029293000026e+00
8.922010845451940596e+07 1.000000024113000041e+00
1.083873037128170282e+08 1.000000019850000088e+00
1.316721959839673787e+08 1.000000016340000020e+00
1.599593919337432086e+08 1.000000013451999958e+00
1.878192554624648392e+08 1.000000011458000104e+00
2.205314254825160801e+08 1.000000009759999919e+00
2.589410202144596279e+08 1.000000008315000022e+00
3.040403507254413962e+08 1.000000007084999920e+00
3.569945572652385831e+08 1.000000006038999967e+00
4.191717106394091249e+08 1.000000005149999982e+00
4.921781562900137901e+08 1.000000004396000008e+00
5.779000141961121559e+08 1.000000003757000044e+00
6.349558359425750971e+08 1.000000003430000062e+00
6.976447546184052229e+08 1.000000003133999948e+00
7.665229234787557125e+08 1.000000002866999971e+00
8.422014045521994829e+08 1.000000002626999951e+00
9.253515897622183561e+08 1.000000002413000022e+00
1.016711157268236518e+09 1.000000002221999917e+00
1.117090615880432367e+09 1.000000002052999992e+00
1.227380495598294020e+09 1.000000001906999891e+00
1.330973281141440868e+09 1.000000001797000104e+00
1.443309455760240316e+09 1.000000001702999963e+00
1.565126974825381517e+09 1.000000001624000046e+00
1.697226078267537594e+09 1.000000001560999996e+00
1.814056706893716812e+09 1.000000001520999993e+00
1.938929514437790394e+09 1.000000001492999946e+00
2.072398094101219654e+09 1.000000001474999900e+00
2.215054146348812103e+09 1.000000001470999988e+00
2.307327232981728077e+09 1.000000001474000033e+00
2.403444163581655502e+09 1.000000001482999945e+00
2.503565062155924320e+09 1.000000001497000079e+00
2.607856723040143013e+09 1.000000001517000081e+00
2.716492888764830112e+09 1.000000001542999950e+00
2.829654539497062206e+09 1.000000001574999908e+00
2.947530194543280125e+09 1.000000001612999956e+00
3.070316226407601833e+09 1.000000001659000048e+00
3.182829938965532303e+09 1.000000001706000008e+00
3.299466788874582767e+09 1.000000001757999968e+00
3.420377871154789925e+09 1.000000001817999973e+00
3.545719817799926758e+09 1.000000001884000067e+00
3.663795382219328880e+09 1.000000001951000028e+00
3.785802965982729435e+09 1.000000002024000079e+00
3.911873508766797066e+09 1.000000002104000085e+00
4.042142310651317120e+09 1.000000002191000048e+00
4.170739895826478481e+09 1.000000002281999922e+00
4.303428712245299339e+09 1.000000002379999975e+00
4.440338919218777657e+09 1.000000002484999984e+00
4.581604816974615097e+09 1.000000002599999993e+00
4.725336683881343842e+09 1.000000002721000092e+00
4.873577636662608147e+09 1.000000002851000103e+00
5.026469132156503677e+09 1.000000002990000025e+00
5.184157064915135384e+09 1.000000003140000038e+00
5.347780847294710159e+09 1.000000003302000007e+00
5.516568968218283653e+09 1.000000003475000065e+00
5.690684425949797630e+09 1.000000003660000081e+00
5.870295363355191231e+09 1.000000003857999920e+00
6.059845129512154579e+09 1.000000004074999893e+00
6.255515390746257782e+09 1.000000004307000090e+00
6.457503775681526184e+09 1.000000004554999933e+00
6.666014294294752121e+09 1.000000004821000044e+00
6.889147014420269966e+09 1.000000005114999979e+00
7.119748697045675278e+09 1.000000005430000005e+00
7.358069352129076004e+09 1.000000005768000078e+00
7.604367358241809845e+09 1.000000006128999974e+00
7.871090396184329987e+09 1.000000006535000097e+00
8.147168739516465187e+09 1.000000006969999911e+00
8.432930525406336784e+09 1.000000007436000038e+00
8.728715400402997971e+09 1.000000007936999946e+00
9.052349071917615891e+09 1.000000008505000038e+00
9.387982075354988098e+09 1.000000009115999955e+00
9.736059308691295624e+09 1.000000009774000054e+00
1.009704216534705162e+10 1.000000010481000068e+00
1.049540089338511848e+10 1.000000011292000002e+00
1.090947607318909073e+10 1.000000012167000074e+00
1.133988776612859344e+10 1.000000013113000019e+00
1.178728049685369301e+10 1.000000014133000104e+00
1.228382790378648949e+10 1.000000015311000023e+00
1.280129271634211349e+10 1.000000016588999951e+00
1.334055609481170654e+10 1.000000017974000066e+00
1.390253631897830963e+10 1.000000019475999924e+00
1.452629129113129997e+10 1.000000021211999934e+00
1.517803182335950470e+10 1.000000023102000091e+00
1.585901352340140915e+10 1.000000025160000083e+00
1.657054833343068123e+10 1.000000027398999958e+00
1.735216960681166840e+10 1.000000029963000081e+00
1.817065941361242294e+10 1.000000032763000091e+00
1.902775681698394775e+10 1.000000035820000077e+00
1.992528291048735428e+10 1.000000039154000042e+00
2.088793491745405197e+10 1.000000042879999995e+00
2.189709561845436478e+10 1.000000046947999932e+00
2.295501199226570129e+10 1.000000051386999989e+00
2.406403957614224243e+10 1.000000056228000034e+00
2.521725560292225266e+10 1.000000061458999889e+00
2.642573696452268982e+10 1.000000067148999916e+00
2.769213213024440002e+10 1.000000073335000073e+00
2.901921649141967773e+10 1.000000080049999962e+00
3.036749360013666916e+10 1.000000087107999924e+00
3.177841372205545044e+10 1.000000094735000067e+00
3.325488734722061539e+10 1.000000102967999904e+00
3.479996019149787140e+10 1.000000111841000017e+00
3.635721243633675385e+10 1.000000121033999934e+00
3.798414966186521149e+10 1.000000130886999905e+00
3.968389017891790771e+10 1.000000141429999934e+00
4.145969183859923553e+10 1.000000152689999977e+00
4.325775137768571472e+10 1.000000164318999962e+00
4.513379070780594635e+10 1.000000176666999918e+00
4.709119172354548645e+10 1.000000189747999979e+00
4.913348298839144135e+10 1.000000203574999968e+00
5.122946757097142029e+10 1.000000217910999911e+00
5.341486473137506866e+10 1.000000232969999958e+00
5.569348871949266815e+10 1.000000248742999975e+00
5.806931649729264069e+10 1.000000265209000094e+00
6.056223033885054016e+10 1.000000282447000011e+00
6.316216488937600708e+10 1.000000300314999979e+00
6.587371454435651398e+10 1.000000318759000084e+00
6.870167093660306549e+10 1.000000337709000098e+00
7.177474192572322083e+10 1.000000357883999991e+00
7.498527340414369202e+10 1.000000378403999912e+00
7.833941407017085266e+10 1.000000399136999896e+00
8.184358765723966980e+10 1.000000419930999973e+00
8.588705620912638855e+10 1.000000442713999904e+00
9.013029163827606201e+10 1.000000465112999892e+00
9.458316339334439087e+10 1.000000486852999915e+00
9.925602852141770935e+10 1.000000507641999992e+00
1.052672548095559998e+11 1.000000531261000081e+00
1.116425379920412903e+11 1.000000552451999924e+00
1.184039263857742920e+11 1.000000570667000099e+00
1.255748036162470093e+11 1.000000585405000031e+00
1.349551682168638000e+11 1.000000598099999971e+00
1.450362405829663391e+11 1.000000604323000086e+00
1.558703631760181580e+11 1.000000603756999951e+00
1.675137884087933655e+11 1.000000596438999967e+00
1.738019968841222229e+11 1.000000590191999938e+00
1.803262549778587646e+11 1.000000582348000044e+00
1.870954236274622803e+11 1.000000573010999982e+00
1.941186963963728027e+11 1.000000562305999985e+00
2.014056119601302185e+11 1.000000550371999974e+00
2.089660670614018555e+11 1.000000537365000053e+00
2.168103299512515564e+11 1.000000523451000101e+00
2.249490543350078125e+11 1.000000508804999910e+00
2.346304124465796814e+11 1.000000491390000024e+00
2.447284368791397400e+11 1.000000473520999966e+00
2.552610601191754456e+11 1.000000455461000026e+00
2.662469864315225220e+11 1.000000437458999913e+00
2.742301051129631348e+11 1.000000424995000081e+00
2.824525886966547852e+11 1.000000412744999956e+00
2.909216142719866333e+11 1.000000400767999897e+00
2.912643919970945435e+11 1.000000400296999992e+00
2.916075735992711792e+11 1.000000399826999953e+00
2.919511595543989868e+11 1.000000399356000047e+00
2.922951503388732300e+11 1.000000398887000097e+00
2.926395464297045288e+11 1.000000398417999925e+00
2.929843483044675903e+11 1.000000397948999975e+00
2.933295564411986084e+11 1.000000397480999892e+00
2.936751713186517334e+11 1.000000397013000031e+00
2.940596129946762695e+11 1.000000396494999944e+00
2.944445579321251221e+11 1.000000395975999989e+00
2.948300067898493652e+11 1.000000395458999991e+00
2.952159602275717773e+11 1.000000394941999993e+00
2.955721744335026245e+11 1.000000394466000087e+00
2.959288184554797363e+11 1.000000393991000047e+00
2.962858928121534424e+11 1.000000393516000008e+00
2.966433980227382202e+11 1.000000393042000058e+00
2.969698806212014160e+11 1.000000392610000066e+00
2.972967225430089722e+11 1.000000392178000075e+00
2.976239241835330811e+11 1.000000391746999950e+00
2.979514859388126831e+11 1.000000391316000048e+00
2.981761955291588745e+11 1.000000391021000024e+00
2.984010745913958130e+11 1.000000390727000088e+00
2.986261232533656006e+11 1.000000390432000064e+00
2.988513416429102783e+11 1.000000390137999906e+00
2.989853948821881104e+11 1.000000389962999892e+00
2.991195082526993408e+11 1.000000389788000099e+00
2.992536817812637329e+11 1.000000389613000085e+00
2.993879154949061279e+11 1.000000389438999937e+00
2.994520633091533203e+11 1.000000389355000019e+00
2.995162248679417725e+11 1.000000389271999968e+00
2.995804001741432495e+11 1.000000389188999916e+00
2.996445892307832031e+11 1.000000389104999998e+00
