2.047925547637392592e+05 4.039909367035776562e+13
2.343321177301035787e+05 5.289406313296460156e+13
2.681325083483853959e+05 6.925358121998942969e+13
3.068083143259380013e+05 9.067290784105267188e+13
3.510627723559608567e+05 1.187169828840875156e+14
4.714897508449170855e+05 2.141350738638598125e+14
6.332274529142648680e+05 3.862449056975022500e+14
8.504469214981489349e+05 6.966870232192668750e+14
1.142180369719223818e+06 1.256645204021555750e+15
1.533988734621790238e+06 2.266666546325740000e+15
2.060201260966082104e+06 4.088486723053433000e+15
2.766923341671466362e+06 7.374584370014452000e+15
3.716076154178391211e+06 1.330186406715673800e+16
4.386093306701856665e+06 1.853100729828403600e+16
5.176916106375054456e+06 2.581579767729599200e+16
6.110326091674177907e+06 3.596433798703486000e+16
7.212032062989031896e+06 5.010240717760268000e+16
8.512378177079308778e+06 6.979834317810965600e+16
1.004717971255776659e+07 9.723701883485155200e+16
1.185870952588519268e+07 1.354622101523536480e+17
1.399686236760770902e+07 1.887142427769218560e+17
1.561942922648197599e+07 2.350031121458464960e+17
1.743008989826748893e+07 2.926459704656142720e+17
1.945064889737410098e+07 3.644277867114302720e+17
2.170543839631004259e+07 4.538166423944561280e+17
2.422161124092449993e+07 5.651312891703510400e+17
2.702946793308205530e+07 7.037498058971820800e+17
3.016282151829123124e+07 8.763694362502618880e+17
3.365940477248007059e+07 1.091330160738812160e+18
3.700547873977518827e+07 1.319092795877796608e+18
4.068418517842992395e+07 1.594389916747422464e+18
4.472859100870550424e+07 1.927142058957033984e+18
4.917505032608962059e+07 2.329340192357627904e+18
5.330793129208188504e+07 2.737328712665839104e+18
5.778815720162595809e+07 3.216777225453141504e+18
6.264492040523532033e+07 3.780202089061892608e+18
6.790986670306812227e+07 4.442311926635314688e+18
7.285652946466596425e+07 5.113052517973870592e+18
7.816351501391521096e+07 5.885067614109595648e+18
8.385706983604736626e+07 6.773648559312028672e+18
8.996535225204193592e+07 7.796395523846671360e+18
9.576054773653383553e+07 8.833168945419679744e+18
1.019290457186859995e+08 1.000781365928325325e+19
1.084948927997946739e+08 1.133866394446308762e+19
1.154836845635301471e+08 1.284649219292960358e+19
1.221615804794382602e+08 1.437515642547562906e+19
1.292256287252724916e+08 1.608572356937293210e+19
1.366981587329076529e+08 1.799983910327304397e+19
1.446027911436544061e+08 2.014172420257438515e+19
1.521963217579299510e+08 2.231267329017858458e+19
1.601886116681516171e+08 2.471761525132199117e+19
1.686006009329305887e+08 2.738177069793773568e+19
1.774543292368261218e+08 3.033307861224495514e+19
1.859952627512364388e+08 3.332322752647365427e+19
1.949472741221657097e+08 3.660813684396186419e+19
2.043301486581285894e+08 4.021686320931468083e+19
2.141646239407573938e+08 4.418132758873941606e+19
2.236836645511036515e+08 4.819609254724078797e+19
2.336258008738309741e+08 5.257567989637544346e+19
2.440098383736833930e+08 5.735324110982410240e+19
2.548554183675120473e+08 6.256494014127330918e+19
2.653822981686232984e+08 6.784021126707979059e+19
2.763439939099648595e+08 7.356027599622397952e+19
2.877584657948007584e+08 7.976263786927867494e+19
2.996444158781176209e+08 8.648796260269123174e+19
3.119078073134551644e+08 9.371212372455207731e+19
3.246730962026896477e+08 1.015397041152103547e+20
3.379608234430010915e+08 1.100211061397492204e+20
3.517923705969019532e+08 1.192109421676399493e+20
3.661866228458577394e+08 1.291660077716254228e+20
3.811698432338331938e+08 1.399524008312909169e+20
3.967661305096127391e+08 1.516395438235189903e+20
4.130005694678400159e+08 1.643026565551267512e+20
4.298991726442137957e+08 1.780231585829891932e+20
4.474892101926276684e+08 1.928894252309100954e+20
4.657989732967032790e+08 2.089971364151370056e+20
4.848579107208983302e+08 2.264499620400368189e+20
5.046966758516607285e+08 2.453602289072999301e+20
5.253471769427513480e+08 2.658496445470575493e+20
5.468426275170094967e+08 2.880500796876953682e+20
5.692176000830633640e+08 3.121044172466241536e+20
5.925080860662852526e+08 3.381674768681732669e+20
6.167515410676584244e+08 3.664069973299124634e+20
6.419869574009609222e+08 3.970047294057328804e+20
6.682549228162951469e+08 4.301576014179840164e+20
6.955976930320246220e+08 4.660789963934083973e+20
7.240592385195094347e+08 5.050000978053722276e+20
7.536853358447170258e+08 5.471714036485009572e+20
7.845236345974937677e+08 5.928643303721943695e+20
8.166237458539308310e+08 6.423729783274772890e+20
8.500372874484984875e+08 6.960159717950959124e+20
8.848180006049466133e+08 7.541385597379232399e+20
9.210218254591867924e+08 8.171148219927149937e+20
9.587070102438350916e+08 8.853501123429496259e+20
9.979341488810219765e+08 9.592835666458358579e+20
1.038766333052913189e+09 1.039391024651367612e+21
1.081269235944841385e+09 1.126188062296777556e+21
1.125511249045117855e+09 1.220233377568486588e+21
1.171563501129355192e+09 1.322132194387828670e+21
1.219500061277069092e+09 1.432540339814458196e+21
1.269398029232970476e+09 1.552168407411601965e+21
1.321337709884751081e+09 1.681786459128922112e+21
1.375402595054193497e+09 1.822228616638235935e+21
1.431679641267704964e+09 1.974398775673881100e+21
1.490259363033883572e+09 2.139276314100972388e+21
1.551236060137613535e+09 2.317922639438659715e+21
1.614707730721465349e+09 2.511487326717125591e+21
1.680776461205183268e+09 2.721216174640094773e+21
1.749548515060937643e+09 2.948459015578939556e+21
1.821134635962940454e+09 3.194678867113485009e+21
1.895649839803523064e+09 3.461460030716055650e+21
1.973213975608527422e+09 3.750519537425278042e+21
2.053951796256103277e+09 4.063717803555549610e+21
2.137993373147956371e+09 4.403071485941832483e+21
2.225473680519824505e+09 4.770763958193200562e+21
2.316533420959280968e+09 5.169161736237853180e+21
2.411319054183381557e+09 5.600828958460235219e+21
2.509983378936357975e+09 6.068545563321664799e+21
2.612684767536999226e+09 6.575320425964548129e+21
2.719588405168228626e+09 7.124415232134508184e+21
2.830866235920637131e+09 7.719364044045786546e+21
2.946697799794562817e+09 8.363999227395226730e+21
3.067268885098288536e+09 9.062467082774790537e+21
3.192773420519814968e+09 9.819263096925043294e+21
3.323413269800622463e+09 1.063925816598430587e+22
3.459399463251815796e+09 1.152773598851093234e+22
3.600949889407783508e+09 1.249040991096632508e+22
3.748292223479870319e+09 1.353347597004373072e+22
3.901663456617746353e+09 1.466364762293608120e+22
4.061311744548099518e+09 1.588821043717994237e+22
4.227492522049315929e+09 1.721503637953771156e+22
4.400473085568397522e+09 1.865266539158855221e+22
4.580531668788983345e+09 2.021035057358564439e+22
4.767960264856864929e+09 2.189813955092348823e+22
4.963058162474822044e+09 2.372687720545265490e+22
5.166139178144589424e+09 2.570833419835077663e+22
5.377529969273209572e+09 2.785526414756057973e+22
5.597574402353872299e+09 3.018152715053611509e+22
5.826622886142628670e+09 3.270206132535846922e+22
6.065043859543451309e+09 3.543309051614142765e+22
6.313220837692174911e+09 3.839219341485275297e+22
6.571559247784551620e+09 4.159849543168535875e+22
6.840468923453398705e+09 4.507256823464681118e+22
7.120382443255943298e+09 4.883677411268506524e+22
7.411750086954849243e+09 5.291534284069576429e+22
7.715050624540503502e+09 5.733467721690856502e+22
8.030762699888565063e+09 6.212309824323632444e+22
8.359394212760843277e+09 6.731143012903036754e+22
8.701473846972608566e+09 7.293307126498224348e+22
9.057568211254384995e+09 7.902449343413103257e+22
9.428235186855604172e+09 8.562466943773317477e+22
9.814071135362926483e+09 9.277608918938915596e+22
1.021569682354241371e+10 1.005247910750673961e+23
1.063378479203145027e+10 1.089211984688132999e+23
1.106898344346141052e+10 1.180189104125583452e+23
1.152199305025328255e+10 1.278765009041273871e+23
1.199354254418485069e+10 1.385574357771101741e+23
1.248443338269482613e+10 1.501315079816603584e+23
1.299541618439421272e+10 1.626723713125914541e+23
1.352731330520135498e+10 1.762607787433757445e+23
1.408098075972289276e+10 1.909842276181840526e+23
1.465737873599403763e+10 2.069394749765239293e+23
1.525737127806671524e+10 2.242276173976112600e+23
1.588192421780694962e+10 2.429599971273511503e+23
1.653204292293263054e+10 2.632572560229939083e+23
1.720888590978901672e+10 2.852538247395246678e+23
1.791343971441972733e+10 3.090882463737841545e+23
1.864683885315242004e+10 3.349140630050662389e+23
1.941026429086817932e+10 3.628976418605550042e+23
2.020512683955060959e+10 3.932263102412373361e+23
2.103253951026467514e+10 4.260895040495957521e+23
2.189383525100902176e+10 4.616990037948259348e+23
2.279040159484166336e+10 5.002842814087490626e+23
2.372397720282651138e+10 5.421074264767048649e+23
2.469579537587394714e+10 5.874266472495918413e+23
2.570742266496575546e+10 6.365341372243909972e+23
2.676048979255952072e+10 6.897465019894733828e+23
2.785717191153886795e+10 7.474324249207713563e+23
2.899879759020277023e+10 8.099422775468351627e+23
3.018720867817873383e+10 8.776793610142723059e+23
3.142432250665227890e+10 9.510806775472952579e+23
3.271291101244268799e+10 1.030668636189598281e+24
3.405433949072830200e+10 1.116915602215778642e+24
3.545077470202238464e+10 1.210378543375241445e+24
3.690447225725785828e+10 1.311660981213116280e+24
3.841904311754906464e+10 1.421510308561567139e+24
3.999577243045651245e+10 1.540557342804458108e+24
4.163721119799474335e+10 1.669571863496095594e+24
4.334601511597859192e+10 1.809388014503466820e+24
4.512700848464454651e+10 1.961088632095059235e+24
4.698117899245040131e+10 2.125504173520678128e+24
4.891153332872147369e+10 2.303699689976278922e+24
5.092120172100154114e+10 2.496829329762500947e+24
5.301681241239854431e+10 2.706487644368463469e+24
5.519866584790196228e+10 2.933743698948189334e+24
5.747031126066441345e+10 3.180073299126724170e+24
5.983544394892272186e+10 3.447075794686153400e+24
6.230344722189648438e+10 3.737148131771535493e+24
6.487324701801364899e+10 4.051616279899458043e+24
6.754904208867877197e+10 4.392529556113590917e+24
7.033520436907398987e+10 4.762108998830254084e+24
7.324543714727058411e+10 5.164051028650545239e+24
7.627608551112040710e+10 5.599892031228875555e+24
7.943213185008914185e+10 6.072486287346345536e+24
8.271876470807011414e+10 6.584927580835638101e+24
8.615664575057249451e+10 7.143096502776506916e+24
8.973740883567013550e+10 7.748526985439215943e+24
9.346699229509497070e+10 8.405211684493467232e+24
9.735158126405676270e+10 9.117478944134204561e+24
1.014233800547990570e+11 9.895039938885808116e+24
1.056654847119207306e+11 1.073881325705336888e+25
1.100850183988115845e+11 1.165441932175954246e+25
1.146894022102887268e+11 1.264795246961221085e+25
1.195306724545844879e+11 1.373618170734934346e+25
1.245763024490295715e+11 1.491784571967764894e+25
1.298349186294869232e+11 1.620093143535330732e+25
1.353155115711188049e+11 1.759410215561950088e+25
1.411058033868714905e+11 1.912793332375998221e+25
1.471438678261802673e+11 2.079509005985446331e+25
1.534403073379670105e+11 2.260708995011495752e+25
1.600061780609201660e+11 2.457643248572156892e+25
1.669978545205761414e+11 2.676291182829586041e+25
1.742950413068212280e+11 2.914311329177565054e+25
1.819110880876874695e+11 3.173405117916070752e+25
1.898599278621684265e+11 3.455420619822537283e+25
1.984449815632870483e+11 3.773284266927391154e+25
2.074182327523030090e+11 4.120217112552692498e+25
2.167972348767644348e+11 4.498844505313820796e+25
2.266003351129400940e+11 4.912022484450310438e+25
2.375156822297034302e+11 5.392963838050648413e+25
2.489568220493906250e+11 5.920596330989882093e+25
2.609490820272922058e+11 6.499370469584651033e+25
2.735190096432810974e+11 7.134143867775833942e+25
2.890441036882410889e+11 7.957640012490337357e+25
3.054504108723746338e+11 8.874974970839006828e+25
3.227879493529964600e+11 9.896541504596436127e+25
3.411095763464478760e+11 1.103380891535902797e+26
3.589249141527425537e+11 1.219595263800214379e+26
3.776707044679028320e+11 1.347807726359685319e+26
3.973955426027651978e+11 1.489202429438941850e+26
4.181505618842611084e+11 1.645068007134255402e+26
4.359324714246137695e+11 1.784306367987412453e+26
4.544705590878632812e+11 1.934986885688828352e+26
4.737969814510679932e+11 2.097987941909909010e+26
4.939452625549738770e+11 2.274244026448767151e+26
5.123597571425976562e+11 2.440883896697320860e+26
5.314607521112166748e+11 2.619239119211645905e+26
5.512738404940344238e+11 2.810055734874784757e+26
5.718255694435329590e+11 3.014114882702458285e+26
5.912565144815584717e+11 3.212664561835709465e+26
6.113477336403594971e+11 3.423576499981909789e+26
6.321216633947686768e+11 3.647518569898552684e+26
6.536015026235889893e+11 3.885179843391227922e+26
6.742159157242618408e+11 4.118950166246010081e+26
6.954805017906914062e+11 4.365761556614663264e+26
7.174157671008540039e+11 4.626207045209355695e+26
7.400428646956831055e+11 4.900888261987195263e+26
7.619397809885754395e+11 5.172325381330127076e+26
7.844845988642209473e+11 5.457356164473922747e+26
8.076964888965531006e+11 5.756484836762314125e+26
8.315951888928266602e+11 6.070211418424087041e+26
8.548469551689248047e+11 6.380784959863813571e+26
8.787488510301646729e+11 6.705261301772971184e+26
9.033190543846075439e+11 7.044033305240891667e+26
9.285762514029431152e+11 7.397476216292426472e+26
9.532436697497412109e+11 7.747432864675033294e+26
9.785663724927615967e+11 8.111250554644738278e+26
1.004561767113024902e+12 8.489183335972973121e+26
1.031247723519216309e+12 8.881453713906474570e+26
1.057387475820762573e+12 9.269525368982748576e+26
1.084189810579545532e+12 9.670961871089564745e+26
1.111671522732866699e+12 1.008584874421038980e+27
1.139849832931374512e+12 1.051422592953359233e+27
1.167519213769411865e+12 1.093732896231143171e+27
1.195860257324511963e+12 1.137274828033263930e+27
1.224889267930371826e+12 1.182037144934044797e+27
1.254622945700494873e+12 1.228002698263873984e+27
1.283883694628702881e+12 1.273297974022563371e+27
1.313826872832219727e+12 1.319656061874403450e+27
1.344468396162254883e+12 1.367043286132810456e+27
1.375824551664380615e+12 1.415418866473622302e+27
1.406746577578939941e+12 1.462947309948228564e+27
1.438363584322106689e+12 1.511298826147365273e+27
1.470691191773994141e+12 1.560415285232974615e+27
1.503745370876265625e+12 1.610230510280379983e+27
1.536410796761527100e+12 1.658989776219978719e+27
1.569785804248466309e+12 1.708257035018497485e+27
1.603885807372263184e+12 1.757948625412073310e+27
1.638726555004227539e+12 1.807972275600057811e+27
1.673234359878567627e+12 1.856701834584860294e+27
1.708468819602107910e+12 1.905547902576022230e+27
1.744445235850941650e+12 1.954401493133246301e+27
1.781179232519647949e+12 2.003144951583428964e+27
1.817650686912069580e+12 2.050329656814995078e+27
1.854868931386343262e+12 2.097166057423642301e+27
1.892849257228468994e+12 2.143521663103200233e+27
1.931607268828767822e+12 2.189255884855477082e+27
1.970192279283152100e+12 2.233142264426880685e+27
2.009548048398247559e+12 2.276150148503643153e+27
2.049689972539409668e+12 2.318127287809099297e+27
2.090633755623637207e+12 2.358914635477415516e+27
2.131518082517949951e+12 2.397541158435763373e+27
2.173201941219994141e+12 2.434707182687675513e+27
2.215700967332644043e+12 2.470246640947913688e+27
2.259031102228441895e+12 2.503988774204164241e+27
2.302444081569322266e+12 2.535231692063179305e+27
2.346691350784708496e+12 2.564400315157517980e+27
2.391788942858440918e+12 2.591323119574054767e+27
2.437753198889139160e+12 2.615826825304850326e+27
2.483974883726641602e+12 2.637464915054858457e+27
2.531072967434587402e+12 2.656410751553346454e+27
2.579064067212781738e+12 2.672498291136971786e+27
2.627965115335863281e+12 2.685563453946248085e+27
2.677330338745479492e+12 2.695369204480639992e+27
2.727622867189516113e+12 2.701897549590130144e+27
2.778860119704855957e+12 2.705001466986300212e+27
2.831059842537336426e+12 2.704540255385736399e+27
2.883954261893965820e+12 2.700412928069536486e+27
2.937836939978328613e+12 2.692504550640814786e+27
2.992726341032395020e+12 2.680703021942645092e+27
3.048641274275037598e+12 2.664907266547074057e+27
3.105481309373987793e+12 2.645074156068609127e+27
3.163381091852380859e+12 2.621100638513927199e+27
3.222360380037844238e+12 2.592926953237855686e+27
3.282439300657359375e+12 2.560508943274479655e+27
3.343627070324375488e+12 2.523826337035342283e+27
3.405955437825454590e+12 2.482864528698689356e+27
3.469445664984932617e+12 2.437633099309334562e+27
3.534119409960831055e+12 2.388161029954518287e+27
3.599974163804139160e+12 2.334518261558300067e+27
3.667056054623738770e+12 2.276758097222740032e+27
3.735387948882708008e+12 2.214972681201136342e+27
3.804993139129913086e+12 2.149275900268376842e+27
3.875692377280914551e+12 2.080006314842919447e+27
3.947705253093638184e+12 2.007141172299653575e+27
4.021056174799221191e+12 1.930860873477222005e+27
4.095770004164776855e+12 1.851368221038352672e+27
4.169723519572256348e+12 1.771235273467808793e+27
4.245012344928797852e+12 1.688508968344175640e+27
4.321660590688394531e+12 1.603438118240524417e+27
4.399692802641691406e+12 1.516292020241891525e+27
4.476360434374338867e+12 1.430465878191274948e+27
4.554364051597270508e+12 1.343257319522780251e+27
4.633726934766580078e+12 1.254966595398649146e+27
4.714472770012395508e+12 1.165914391186235695e+27
4.795906285902240234e+12 1.077221387985769909e+27
4.878746410299071289e+12 9.884758482367900343e+26
4.963017439680040039e+12 9.000633144502566468e+26
5.048744090199137695e+12 8.124010500697185072e+26
5.138702975319351562e+12 7.232660066295467674e+26
5.230264754318951172e+12 6.359680502336681130e+26
5.323457987680365234e+12 5.511297187628010601e+26
5.418311744772885742e+12 4.694615046565482369e+26
5.514376950257123047e+12 3.921555598724983188e+26
5.612145365921487305e+12 3.197422869190391469e+26
5.711647189215795898e+12 2.532981351554914460e+26
5.812913152998121094e+12 1.939996671882793263e+26
5.891743451549654297e+12 1.541128097817421320e+26
5.971642786536223633e+12 1.195279007723208147e+26
6.052625655421489258e+12 9.047844207724373572e+25
6.134706752260712891e+12 6.692014606641093597e+25
6.217900970388388672e+12 4.849220739923625235e+25
6.302223405105866211e+12 3.456106037973185203e+25
6.387689356427598633e+12 2.433569244607426442e+25
6.474314331852089844e+12 1.700305156932029982e+25
6.601038583580419922e+12 1.008563155485560308e+25
6.730243257968910156e+12 5.980724922507362419e+24
6.861976905287687500e+12 3.563845317480938966e+24
6.996289026099917969e+12 2.140340184168438132e+24
7.131837994324469727e+12 1.304060954027739211e+24
7.270013143759083984e+12 8.024981681133009009e+23
7.410865355113359375e+12 4.989520021924614326e+23
7.554446494884493164e+12 3.134537291913596701e+23
7.773327509987122070e+12 1.599352694288094981e+23
7.998550339651763672e+12 8.344752257426140011e+22
8.230298730337688477e+12 4.449506690596631636e+22
8.468761752334778320e+12 2.422974802278383354e+22
8.891155814391712891e+12 9.010525940095714853e+21
9.334617506981025391e+12 3.543480321672761311e+21
9.800197614415445312e+12 1.469085669770737484e+21
1.028899933069522656e+13 6.402347040284399370e+20
1.106304673744648242e+13 2.025227291768856576e+20
1.189532618101785156e+13 7.055387551705310003e+19
1.279021849142740625e+13 2.686377105980558950e+19
1.375243407108124414e+13 1.110150764763410842e+19
1.494461874268381445e+13 4.422857538198737408e+18
1.624015270386282422e+13 1.928963047418378496e+18
1.764799520053809375e+13 9.136004933717196800e+17
1.917788214664782031e+13 4.664372168670101120e+17
2.110240447604251953e+13 2.341263229844775040e+17
2.322005481446766406e+13 1.274038187254797440e+17
2.555021377771964844e+13 7.449218144913328000e+16
2.811420684849078516e+13 4.641213332578846400e+16
3.137645799451771875e+13 2.887221048940748800e+16
3.501724667486017188e+13 1.913163163947802800e+16
3.908049675021266406e+13 1.337646492711472800e+16
4.361522881637467969e+13 9.786747709405110000e+15
4.946561893136675781e+13 7.166641066588335000e+15
5.610075936010414844e+13 5.468864896079394000e+15
6.362591369062147656e+13 4.316460473372435500e+15
7.216046519053993750e+13 3.502307182566403500e+15
8.336238497995523438e+13 2.833500098837334000e+15
9.630324875532229688e+13 2.348203685184554000e+15
1.112530036546108281e+14 1.984150319494527500e+15
1.285235023962405781e+14 1.703114596838889000e+15
1.517036241394191875e+14 1.451689196895135250e+15
1.790644446186646562e+14 1.254444215322701000e+15
2.113599823899390938e+14 1.096000859874419500e+15
2.494802485831583438e+14 9.660926925380087500e+14
3.021983111975729375e+14 8.425020252276027500e+14
3.660563103064721250e+14 7.405240172162243750e+14
4.434082433619999375e+14 6.549773111898272500e+14
5.371055347108040000e+14 5.821611286525142500e+14
6.720758640986427500e+14 5.097889536712060625e+14
8.409631588453658750e+14 4.484622856627099375e+14
1.052290481348840875e+15 3.959165218525573125e+14
1.316722671487201000e+15 3.504121404242375000e+14
1.719675448376779500e+15 3.038354504990121875e+14
2.245942681620270250e+15 2.642219439734608438e+14
2.933261932584543500e+15 2.302830594170055938e+14
3.830919477848214000e+15 2.009237420844404375e+14
5.311531786174694000e+15 1.703321010530303125e+14
7.364386038046684000e+15 1.448587338745225625e+14
1.021064805797686400e+16 1.235408546599835000e+14
1.415696206380398800e+16 1.054475935942232969e+14
2.146584705794468400e+16 8.650249260336684375e+13
3.254812634506922800e+16 7.169859219488676562e+13
4.935190890510172800e+16 6.018078402097619531e+13
7.483106359969628800e+16 5.097043308805003125e+13
1.313958067738389120e+17 4.204944224880867188e+13
2.307177956216865920e+17 3.744280692016530469e+13
4.051171991214340480e+17 3.719181454477382031e+13
7.113449770178723840e+17 4.145693119950192969e+13
1.643921276645314560e+18 6.746930320876735156e+13
3.799109083664335872e+18 1.738956074124966562e+14
8.779757300197490688e+18 6.362078708256108750e+14
2.029005657716756480e+19 2.740012821322126500e+15
2.464897838250113434e+19 3.932473173033598000e+15
2.994432928219107328e+19 5.670498885397981000e+15
3.637728275168459162e+19 8.208959894178998000e+15
4.419223045289057485e+19 1.192294986688167000e+16
5.368606681627484160e+19 1.736490647603152200e+16
6.521946823376021094e+19 2.534863532510030000e+16
7.923059536566650470e+19 3.707327259732101600e+16
9.625173912025918669e+19 5.430623034932339200e+16
1.130157458089271951e+20 7.448447353514075200e+16
1.326995118995842335e+20 1.022376849369191040e+17
1.558115670728449720e+20 1.404227053081548800e+17
1.829490107850554409e+20 1.929760593070879360e+17
2.148129383204894147e+20 2.653225814232113920e+17
2.522265535728524329e+20 3.649383403748483840e+17
2.961564365007022326e+20 5.021265420096374400e+17
3.477375147002199409e+20 6.910871257052985600e+17
3.820694911077527060e+20 8.335480084394045440e+17
4.197910488929714176e+20 1.005452630198788096e+18
4.612368399783343555e+20 1.212893247826519296e+18
5.067745563277173719e+20 1.463223033854519296e+18
5.568081919766391685e+20 1.765316988270204928e+18
6.117816271180487721e+20 2.129886683175347456e+18
6.721825660474484326e+20 2.569859966134937600e+18
7.385468638975269274e+20 3.100839100708720640e+18
8.008813454700127191e+20 3.644927387035685888e+18
8.684769523453828792e+20 4.284576386526528000e+18
9.417777315218368758e+20 5.036569660187855872e+18
1.021265208242185437e+21 5.920635461357186048e+18
1.091565245344356631e+21 6.761980774845007872e+18
1.166704471304436580e+21 7.722930685317040128e+18
1.247015997593790710e+21 8.820476984968417280e+18
1.332855865818276168e+21 1.007402031700375962e+19
1.388378989250073592e+21 1.092909247534761165e+19
1.446215053874377523e+21 1.185673438808697651e+19
1.506460410483685458e+21 1.286309714220216730e+19
1.569215423581036216e+21 1.395485145680567091e+19
1.634584638579609174e+21 1.513923133674868122e+19
1.702676955967313674e+21 1.642408136954196173e+19
1.773605812728895898e+21 1.781790765139755213e+19
1.847489371323016151e+21 1.932993318470438912e+19
1.915191807407940960e+21 2.076930896456237875e+19
1.985375242800749347e+21 2.231576095041543373e+19
2.058130595316738032e+21 2.397723242339269018e+19
2.133552114512749920e+21 2.576225207913508045e+19
2.204601261959378633e+21 2.750210013355347968e+19
2.278016408023151149e+21 2.935927167649225523e+19
2.353876342523451408e+21 3.134164831320392909e+19
2.432262479047970783e+21 3.345763666919023821e+19
2.509643000880049422e+21 3.561381122345755443e+19
2.589485323282789433e+21 3.790864609445127782e+19
2.671867766509194969e+21 4.035101408481434829e+19
2.756871142509875560e+21 4.295034950772082278e+19
2.843358356480434635e+21 4.567760173385368371e+19
2.932558805053976609e+21 4.857753288419631104e+19
3.024557606500285022e+21 5.166100570439567770e+19
3.119442549377434911e+21 5.493955670545852826e+19
3.217899247824952361e+21 5.844695779518483661e+19
3.319463463500790104e+21 6.217742498805397094e+19
3.424233276712633238e+21 6.614502619246229094e+19
3.532309863409399103e+21 7.036470052797716070e+19
3.646366902648478106e+21 7.495734160512829030e+19
3.764106803445918859e+21 7.984824040372664730e+19
3.885648484100499571e+21 8.505655606014666342e+19
4.011114702737434477e+21 9.060264917388345344e+19
4.145379481485850968e+21 9.672808772441204326e+19
4.284138529819486323e+21 1.032649207796294943e+20
4.427542285252353851e+21 1.102403852838600540e+20
4.575746220911364145e+21 1.176834646466560819e+20
4.736240431067153039e+21 1.260113612340894106e+20
4.902363972535508271e+21 1.349234222233802670e+20
5.074314294010874692e+21 1.444598505775993487e+20
5.252295769682460279e+21 1.546635006124020859e+20
5.447034592733621649e+21 1.662139612110828339e+20
5.648993726839259136e+21 1.786168803735560520e+20
5.858440878718062690e+21 1.919335707962099630e+20
6.075653680827910324e+21 2.062295011052705219e+20
6.315356519803944698e+21 2.225758892021238333e+20
6.564516357815675126e+21 2.401971505028389274e+20
6.823506301965261865e+21 2.591892274248456929e+20
7.092714179548902588e+21 2.796546936238939505e+20
7.391499708145643553e+21 3.032251657326599209e+20
7.702871785395400475e+21 3.287378701366711419e+20
8.027360628432916447e+21 3.563449063153109565e+20
8.365518790159574761e+21 3.862088487923757875e+20
8.740848429318883246e+21 4.206452518957542932e+20
9.133017710058033644e+21 4.580544193483086889e+20
9.542782164309360247e+21 4.986743550040738365e+20
9.970931221904477913e+21 5.427585220325298668e+20
1.044125313290220234e+22 5.930783688655388017e+20
1.093375980227869750e+22 6.478465352462315028e+20
1.144949766970031473e+22 7.074129030485603779e+20
1.198956253467115939e+22 7.721460428554996285e+20
1.256881536076674708e+22 8.441676673832338063e+20
1.317605368137335282e+22 9.224409633547722424e+20
1.381262956224014870e+22 1.007413669363225461e+21
1.447996039158382880e+22 1.099545644103168426e+21
1.517388055980320122e+22 1.198486121378129641e+21
1.590105532173678700e+22 1.305392429353942909e+21
1.666307833045572806e+22 1.420718345619091751e+21
1.746161961132861109e+22 1.544903874073279070e+21
1.827291312127017694e+22 1.674248502106626195e+21
1.912190056647566033e+22 1.812671015283772359e+21
2.001033326473326363e+22 1.960472837911561634e+21
2.094004390273550280e+22 2.117894383025633362e+21
2.187708320378983023e+22 2.278895448682381181e+21
2.285605377565513902e+22 2.449045644164508156e+21
2.387883198731060773e+22 2.628301606786188706e+21
2.494737817275603301e+22 2.816495712569099026e+21
2.602931750489935367e+22 3.007249774443930059e+21
2.715817931163135325e+22 3.205677467244662096e+21
2.833599856715047423e+22 3.411169193814056239e+21
2.956489850015947371e+22 3.622920570034188714e+21
3.082610710319127645e+22 3.836396569974358934e+21
3.214111758687988718e+22 4.053749977861761532e+21
3.351222508488978806e+22 4.273547748963434627e+21
3.494182263898769457e+22 4.494101262954510942e+21
3.644187393217029525e+22 4.714811139420817719e+21
3.800632237787694760e+22 4.932041669360336503e+21
3.963793254373027899e+22 5.143257440372922515e+21
4.133958768019598056e+22 5.345657860675286860e+21
4.318873466410892473e+22 5.543717344291147743e+21
4.512059521048000856e+22 5.725258242564098621e+21
4.713886915148638899e+22 5.886441843903802900e+21
4.924742181511714623e+22 6.023321107505285693e+21
5.168048232811520537e+22 6.141272580157950919e+21
5.423374778264711909e+22 6.219788819603487982e+21
5.691315688344149348e+22 6.254147488609468416e+21
5.972494173592311195e+22 6.240227590686250107e+21
6.334205341335677829e+22 6.153253891071013814e+21
6.717822762157408571e+22 5.986153166468753129e+21
7.124673140804700393e+22 5.738407792921140003e+21
7.556163531026210593e+22 5.412906738457756303e+21
8.120604540382799200e+22 4.918003918121029599e+21
8.727208963983304504e+22 4.336422287243377377e+21
9.379126384284119387e+22 3.695063390582298640e+21
1.007974165571221292e+23 3.025755308083250725e+21
1.045811956424531006e+23 2.683729907546449773e+21
1.085070119412027223e+23 2.348054550055046873e+21
1.125801973106029195e+23 2.023189982250561176e+21
1.168062837576157259e+23 1.713329967239780631e+21
1.211910109521567526e+23 1.422316845018376569e+21
1.257403340224735813e+23 1.153556607280546316e+21
1.304604316431077144e+23 9.099424933985921270e+20
1.353577144264873759e+23 6.937996691657297756e+20
1.411832401678630472e+23 4.824858516678785106e+20
1.472594849044982462e+23 3.108143966305442857e+20
1.535972390813321658e+23 1.790796532160902267e+20
1.602077575424701933e+23 8.622108062089913958e+19
1.650114083153511155e+23 4.293232472312237261e+19
1.699590911944278378e+23 1.592432484530738790e+19
1.750551248216204656e+23 2.877460734566586368e+18
1.752613831211455705e+23 2.601525202634920448e+18
1.754678844440391828e+23 2.341930521828820992e+18
1.756746290766522415e+23 2.098366949020326912e+18
1.758816173056441849e+23 1.870516045196179456e+18
1.760888494180446912e+23 1.658049429770381312e+18
1.762963257012229421e+23 1.460628473974369792e+18
1.765040464428258159e+23 1.277904504851753472e+18
1.767120119309322043e+23 1.109516470159512576e+18
1.769433405166459615e+23 9.388001508015668480e+17
1.771749719278877629e+23 7.847851428583787520e+17
1.774069065611054374e+23 6.469168224893788160e+17
1.776391448132714035e+23 5.246155216190359680e+17
1.778534881938363164e+23 4.251440957736016640e+17
1.780680902059292602e+23 3.378831443042410880e+17
1.782829511616356113e+23 2.623066552597591680e+17
1.784980713733803171e+23 1.978585081990280960e+17
1.786945244700987558e+23 1.482767142105656960e+17
1.788911937810474541e+23 1.069859165999972000e+17
1.790880795441322336e+23 7.347504756189550400e+16
1.792851819976599588e+23 4.719258971130487200e+16
1.794203956203572880e+23 3.304516089267956000e+16
1.795557112187124019e+23 2.180043559450479200e+16
1.796911288696512855e+23 1.322942330747141000e+16
1.798266486500998230e+23 7.079989488939239000e+15
1.799073119813316379e+23 4.456021902113198000e+15
1.799880114950953364e+23 2.522795101881439500e+15
1.800687472075289899e+23 1.206158068208082500e+15
1.801495191348941496e+23 4.212849203301859375e+14
1.801881185482040987e+23 2.052579530393169688e+14
1.802267262319630683e+23 7.449726671976057812e+13
1.802653421878990780e+23 1.317169290586692969e+13
1.803039664178326573e+23 0.000000000000000000e+00
