3.403418248021088489e-07 3.000102117482949946e-15
3.894332030283709838e-07 3.927998783891495960e-15
4.456055899362908089e-07 5.142883089325696584e-15
5.098803600678425672e-07 6.733516970255076953e-15
5.834262124497433672e-07 8.816115396991378586e-15
7.835620897604197164e-07 1.590201735138689486e-14
1.052351669172064145e-06 2.868317217473401013e-14
1.413345604745904547e-06 5.173710654594756563e-14
1.898173259920761209e-06 9.332050783792931928e-14
2.549313991269657095e-06 1.683263283267462429e-13
3.423819080853383908e-06 3.036176448714104585e-13
4.598310423337489153e-06 5.476485775786239622e-13
6.175693940025068415e-06 9.878179664121627842e-13
7.289185886065897751e-06 1.376142610730543867e-12
8.603443013461939306e-06 1.917122941126645253e-12
1.015466375022996304e-05 2.670769978880574384e-12
1.198557318492718280e-05 3.720685891891881556e-12
1.414659983872512781e-05 5.183337994512834865e-12
1.669726461214152073e-05 7.220978482450796775e-12
1.970782016218363726e-05 1.005964309083465414e-11
2.326118586289075839e-05 1.401422526886160481e-11
2.595770657503176237e-05 1.745171166751062143e-11
2.896681771114620105e-05 2.173236367208252490e-11
3.232475588262717192e-05 2.706299758860170958e-11
3.607195837979709302e-05 3.370115876623212931e-11
4.025355012975862401e-05 4.196756469662713676e-11
4.491988710423597725e-05 5.226160022494518425e-11
5.012716272111861243e-05 6.508061351190371558e-11
5.593808454235385633e-05 8.104394501572301814e-11
6.149887712715191592e-05 9.795796713561361142e-11
6.761246687013559864e-05 1.184019771423017131e-10
7.433380721429151130e-05 1.431126900752634572e-10
8.172331451221403250e-05 1.729805747735818827e-10
8.859169042206308724e-05 2.032784629805021828e-10
9.603731393771786507e-05 2.388830859498693824e-10
1.041086994099832034e-04 2.807239287209390665e-10
1.128584385426227712e-04 3.298932774671908692e-10
1.210792268076312265e-04 3.797035599645196690e-10
1.298988303723879378e-04 4.370346511900887593e-10
1.393608678962169375e-04 5.030221111318655359e-10
1.495121352909939308e-04 5.789729569351462865e-10
1.591430879813997442e-04 6.559654301522733745e-10
1.693944267664243216e-04 7.431964488010402523e-10
1.803061143496674350e-04 8.420275461320771736e-10
1.919206876664354515e-04 9.540013136115233469e-10
2.030185876095301392e-04 1.067522395010109253e-09
2.147582286001460889e-04 1.194551881175748190e-09
2.271767196025219876e-04 1.336697200405378142e-09
2.403133154234350394e-04 1.495757056407395725e-09
2.529328956075619999e-04 1.656975251246452549e-09
2.662151681761638976e-04 1.835570135798129597e-09
2.801949331138760919e-04 2.033414633546359507e-09
2.949088178580075307e-04 2.252583538554590535e-09
3.091028734044183515e-04 2.474636839115365938e-09
3.239800933753602037e-04 2.718579524551570282e-09
3.395733586927586782e-04 2.986569388345354978e-09
3.559171328476468652e-04 3.280976933139479384e-09
3.717366906212591347e-04 3.579119880391633857e-09
3.882593851225900252e-04 3.904355129158640650e-09
4.055164688851832012e-04 4.259144561560894658e-09
4.235405835332732159e-04 4.646173771362376743e-09
4.410350548782687534e-04 5.037923947838266793e-09
4.592521406304225632e-04 5.462705217588298526e-09
4.782216885952847159e-04 5.923302654267925250e-09
4.979747794511985579e-04 6.422736159833812743e-09
5.183551347047398415e-04 6.959214063412009901e-09
5.395695861758897796e-04 7.540502859056764798e-09
5.616522704885960893e-04 8.170345508019783043e-09
5.846387213565285013e-04 8.852797613296230138e-09
6.085603237933124351e-04 9.592076906091662922e-09
6.334607239769944262e-04 1.039309192198172623e-08
6.593799712743408795e-04 1.126099808652115820e-08
6.863597537476625850e-04 1.220138134437371881e-08
7.144433012588932014e-04 1.322028804368222139e-08
7.436759336877005709e-04 1.432428107910564771e-08
7.741046677484897083e-04 1.552046579616677780e-08
8.057784439227408477e-04 1.681654088984496025e-08
8.387482046360323490e-04 1.822084793033360740e-08
8.730669777600255383e-04 1.974242511591111410e-08
9.087899603744399287e-04 2.139106538041635054e-08
9.459746080380874696e-04 2.317737944067810699e-08
9.846807343872724955e-04 2.511286445419626930e-08
1.024970586350856154e-03 2.720997697422614341e-08
1.066908964698767793e-03 2.948221410756061872e-08
1.110563321633800714e-03 3.194420007031934742e-08
1.156003881331402671e-03 3.461178103161663519e-08
1.203303717690560812e-03 3.750212505055876537e-08
1.252538906133121100e-03 4.063383451387829101e-08
1.303788634832589227e-03 4.402706524663428106e-08
1.357135351728475537e-03 4.770365761715432789e-08
1.412664839763408224e-03 5.168727318050074497e-08
1.470466410710362338e-03 5.600355068374605031e-08
1.530633030683061337e-03 6.068026990134550165e-08
1.593261501588209665e-03 6.574753306168238269e-08
1.658452523600448302e-03 7.123795110464125914e-08
1.726310947886182303e-03 7.718686066062248567e-08
1.796945915775097777e-03 8.363254923363882866e-08
1.870471086105816123e-03 9.061650664090674310e-08
1.947004666775669843e-03 9.818367779091260119e-08
2.026669752131095726e-03 1.063827654631401603e-07
2.109594473137777013e-03 1.152665394863163080e-07
2.195912287342787102e-03 1.248921859078466177e-07
2.285761948613493182e-03 1.353216479538409322e-07
2.379287968760444589e-03 1.466220503852827534e-07
2.476640772554028133e-03 1.588661233884213153e-07
2.577977075461283449e-03 1.721326888044517573e-07
2.683459739197120199e-03 1.865071159367154034e-07
2.793258419725953064e-03 2.020819198143734677e-07
2.907549714796024611e-03 2.189573411752169039e-07
3.026517667739428690e-03 2.372420260739062347e-07
3.150353421826595189e-03 2.570536273033639669e-07
3.279256152443576783e-03 2.785196543690457939e-07
3.413433184618609468e-03 3.017782647991815635e-07
3.553100682158341541e-03 3.269792187960712655e-07
3.698482956819347175e-03 3.542846572196382626e-07
3.849813840224383665e-03 3.838703213750015055e-07
4.007336731687553659e-03 4.159266283309065928e-07
4.171305565261778509e-03 4.506600208192704430e-07
4.341983537644013291e-03 4.882939427806831553e-07
4.519645167732911847e-03 5.290706122805262564e-07
4.704576206959347473e-03 5.732524745018226074e-07
4.897075030288221449e-03 6.211241271272796518e-07
5.097450396658261690e-03 6.729934811532964671e-07
5.306024593389100340e-03 7.291943787051330970e-07
5.523133094952532331e-03 7.900885404178576589e-07
5.749126609611622703e-03 8.560683423027342170e-07
5.984367243212860427e-03 9.275580667200707035e-07
6.229233365941532104e-03 1.005017841388451572e-06
6.484118830007908410e-03 1.088946218510668341e-06
6.749436041873510018e-03 1.179884236130095487e-06
7.025609504952019801e-03 1.278416479246221752e-06
7.313083435394950732e-03 1.385177137750134559e-06
7.612320225791332357e-03 1.500853361850929099e-06
7.923805135384025949e-03 1.626191304481333669e-06
8.248035547797960554e-03 1.761996324129566853e-06
8.585532990199868167e-03 1.909142529155864303e-06
8.936840329873792926e-03 2.068577023881618320e-06
9.302529033638517672e-03 2.241329081588543871e-06
9.683181440806126750e-03 2.428508031115847145e-06
1.007940985473428086e-02 2.631318681400000734e-06
1.049185163375526871e-02 2.851066454573130206e-06
1.092118055154111568e-02 3.089171634567485623e-06
1.136807770475873648e-02 3.347161906762675661e-06
1.183326198954039697e-02 3.626697930949040118e-06
1.231748171939912352e-02 3.929579049447564749e-06
1.282153255535089728e-02 4.257765976810972588e-06
1.334620994882343252e-02 4.613361876503802427e-06
1.389235797118421739e-02 4.998655804228622107e-06
1.446085523452264252e-02 5.416127978562901850e-06
1.505264337780364697e-02 5.868486853176833660e-06
1.566864953591586701e-02 6.358626611403532912e-06
1.630986479367134770e-02 6.889702623034327027e-06
1.697732079450156931e-02 7.465133773164917645e-06
1.767213522409605622e-02 8.088664583206566042e-06
1.839538565353654800e-02 8.764275404810369362e-06
1.914823585556806387e-02 9.496316037908418775e-06
1.993189723151177900e-02 1.028949955807844775e-05
2.074770171204997488e-02 1.114900890282024108e-05
2.159689673954252875e-02 1.208031372221020202e-05
2.248084897555683789e-02 1.308941086282820701e-05
2.340098101855415252e-02 1.418279801914391565e-05
2.435888859133032019e-02 1.536766052559766148e-05
2.535600763636714633e-02 1.665150597787588683e-05
2.639394325586237600e-02 1.804260283146501818e-05
2.747436625608189187e-02 1.954991014604958951e-05
2.859920195881027888e-02 2.118341095976323594e-05
2.977008987422263137e-02 2.295339370733139365e-05
3.098891543881671443e-02 2.487126067220555103e-05
3.225764128127851793e-02 2.694936655408830686e-05
3.357861200991427153e-02 2.920162258170521139e-05
3.495367732193249699e-02 3.164209657194350258e-05
3.638505242459378480e-02 3.428651568836938389e-05
3.787504323929006406e-02 3.715192088824234752e-05
3.942653922203640665e-02 4.025777536859261876e-05
4.104158997801915509e-02 4.362325409226942033e-05
4.272279893596355599e-02 4.727005582153116049e-05
4.447287617025486722e-02 5.122169220007532413e-05
4.629543653643553025e-02 5.550554225243746909e-05
4.819268796320572840e-02 6.014762513571271144e-05
5.016769139418209011e-02 6.517789064614632833e-05
5.222363321470553654e-02 7.062879127658138281e-05
5.436512006702631100e-02 7.653912196858188841e-05
5.659442091572141481e-02 8.294396133237874125e-05
5.891513666917271019e-02 8.988467069498572355e-05
6.133101589500678658e-02 9.740606854367546451e-05
6.384805959797873465e-02 1.055636574804781207e-04
6.646840354648302085e-02 1.144042830258531178e-04
6.919628721437015573e-02 1.239851102560695869e-04
7.203612406462361895e-02 1.343680840454866601e-04
7.499593153297377801e-02 1.456336175689266544e-04
7.807735104477642185e-02 1.578433819265867241e-04
8.128537937412214087e-02 1.710764695450021227e-04
8.462521860150418185e-02 1.854185893459841432e-04
8.810788410957248740e-02 2.009881553053009622e-04
9.173387520356837688e-02 2.178645579325141132e-04
9.550909030342806527e-02 2.361573929432309819e-04
9.943967057256720976e-02 2.559854306422257872e-04
1.035412099986977169e-01 2.775266721317994349e-04
1.078119236142175974e-01 3.008795860555034873e-04
1.122587892641787322e-01 3.261963580156258314e-04
1.168890726052819601e-01 3.536419259216696566e-04
1.217255469364558057e-01 3.834907919533855772e-04
1.267621382113491846e-01 4.158570505974637185e-04
1.320071265919268988e-01 4.509526653668765738e-04
1.374691348452555806e-01 4.890073856590536989e-04
1.431825002984464246e-01 5.304579136904947036e-04
1.491333193795995604e-01 5.754181617556100581e-04
1.553314609174928085e-01 6.241846309300623855e-04
1.617872039000823603e-01 6.770787510630061788e-04
1.685540682143978897e-01 7.348216897007129678e-04
1.756039614181421626e-01 7.974816626982629683e-04
1.829487213949201607e-01 8.654760517783508184e-04
1.906006811563249470e-01 9.392574322465304347e-04
1.986463191005589934e-01 1.020071097698573188e-03
2.070315795977816786e-01 1.107823380818249298e-03
2.157707987986724751e-01 1.203107403868872724e-03
2.248789180118169195e-01 1.306566517629947259e-03
2.345017213651101051e-01 1.420471304033014666e-03
2.445362945062960480e-01 1.544277063017228955e-03
2.550002574939633782e-01 1.678839109186054408e-03
2.659119843672504979e-01 1.825085674995962715e-03
2.775313517190102219e-01 1.987457171718497260e-03
2.896584423235375461e-01 2.164214786849384068e-03
3.023154418036631541e-01 2.356622030082023301e-03
3.155255052116198167e-01 2.566051308703043779e-03
3.297928834668187870e-01 2.802102000466417161e-03
3.447054015883912470e-01 3.059739949792133519e-03
3.602922314003666471e-01 3.340914783076370190e-03
3.765838638132103511e-01 3.647747441308559803e-03
3.947239234474752001e-01 4.004902278764771104e-03
4.137377904727712608e-01 4.396730712401457006e-03
4.336675562256764316e-01 4.826537760280003551e-03
4.545573395842146258e-01 5.297930765176182138e-03
4.803582718670399432e-01 5.909472337780760642e-03
5.076236796927966477e-01 6.590700132997932663e-03
5.364366875234719556e-01 7.349331984019910440e-03
5.668851380127418738e-01 8.193885179943870278e-03
5.964921937255597273e-01 9.056911927912558377e-03
6.276455551872577310e-01 1.000903843736097171e-02
6.604259822515620160e-01 1.105905839961621347e-02
6.949184526649345717e-01 1.221654142015614515e-02
7.244699544195345453e-01 1.325054803584642220e-02
7.552781378075027474e-01 1.436952596121293842e-02
7.873964433854456768e-01 1.557999820079100650e-02
8.208805842783611917e-01 1.688890442715091159e-02
8.514833700973607478e-01 1.812639908895960147e-02
8.832270411046172498e-01 1.945089385385572259e-02
9.161541299968527508e-01 2.086792894224918926e-02
9.503087551080051654e-01 2.238330521896690281e-02
9.826007654279135251e-01 2.385776728896698076e-02
1.015990075888413502e+00 2.542403349631787435e-02
1.050513973346907992e+00 2.708706357227078088e-02
1.086211011689080408e+00 2.885197467564097271e-02
1.120469810696698154e+00 3.058799094948104480e-02
1.155809122879503992e+00 3.242085230252473443e-02
1.192263027328285041e+00 3.435496267687487143e-02
1.229866677979959411e+00 3.639478987401973537e-02
1.266256850744099216e+00 3.841052587827002707e-02
1.303723761904421075e+00 4.052721063123754242e-02
1.342299270764221619e+00 4.274858859197810945e-02
1.382016179303760195e+00 4.507837299168303280e-02
1.420657957924125192e+00 4.738474240410171096e-02
1.460380177626053211e+00 4.979435626419938948e-02
1.501213048015590523e+00 5.231013202204461837e-02
1.543187623373193817e+00 5.493485631538458369e-02
1.584182053971472603e+00 5.753369105758636415e-02
1.626265492358300646e+00 6.023546013924457876e-02
1.669466867778018004e+00 6.304205017510222664e-02
1.713815877976902602e+00 6.595511352515363857e-02
1.757257159367463073e+00 6.883699647933411159e-02
1.801799577090045013e+00 7.181812895184123968e-02
1.847471042411320763e+00 7.489914605762584832e-02
1.894300174084901034e+00 7.808034440642074026e-02
1.940283523315668779e+00 8.122237604432756830e-02
1.987383099232706174e+00 8.445587041092739167e-02
2.035625997775556417e+00 8.777999255122208300e-02
2.085039972624574300e+00 9.119346897723605572e-02
2.133667993778915584e+00 9.455716950538244070e-02
2.183430134409059420e+00 9.799979618066385900e-02
2.234352844841045460e+00 1.015188481920607927e-01
2.286463192283528567e+00 1.051112971266621315e-01
2.337852065958552217e+00 1.086408363057417420e-01
2.390395918356721605e+00 1.122314981982132781e-01
2.444120707933933989e+00 1.158789659881681866e-01
2.499052976570268036e+00 1.195783252700143434e-01
2.553339181781944855e+00 1.231992673185147297e-01
2.608804630533210211e+00 1.268579337393525019e-01
2.665474939189204306e+00 1.305481117115936673e-01
2.723376280574453023e+00 1.342629489818989164e-01
2.780724309141199946e+00 1.378816849438292691e-01
2.839279955033993996e+00 1.415090730532443386e-01
2.899068647890011174e+00 1.451370198005970669e-01
2.960116352836732911e+00 1.487567879593350850e-01
3.020727742520423753e+00 1.522608005798433695e-01
3.082580211986018615e+00 1.557389475350158536e-01
3.145699173603545784e+00 1.591813898801640037e-01
3.210110560086637754e+00 1.625776872486149605e-01
3.274234438433697658e+00 1.658367608643538937e-01
3.339639229601885528e+00 1.690305959820418980e-01
3.406350520591112208e+00 1.721478863238442847e-01
3.474394409516975646e+00 1.751768208119467429e-01
3.542339489049135093e+00 1.780452889578886255e-01
3.611613299084922790e+00 1.808052981047868490e-01
3.682241824209669279e+00 1.834445158271133525e-01
3.754251557162951780e+00 1.859502612840898961e-01
3.826398968117501020e+00 1.882704109584859564e-01
3.899932873510926434e+00 1.904365201445837597e-01
3.974879918330315842e+00 1.924358511988320253e-01
4.051267259614311556e+00 1.942555360672348908e-01
4.128082418159366718e+00 1.958624156523805504e-01
4.206354051482840362e+00 1.972693641512847373e-01
4.286109775471995675e+00 1.984640508926196756e-01
4.367377729632466732e+00 1.994342910403121560e-01
4.449417090078823023e+00 2.001624819542415779e-01
4.532997525531186511e+00 2.006472874339499390e-01
4.618147984438420117e+00 2.008777893662142267e-01
4.704897959033279342e+00 2.008435390458790382e-01
4.792802439869761066e+00 2.005370370356628629e-01
4.882349293785486211e+00 1.999497481211303385e-01
4.973569206240738616e+00 1.990733474888336241e-01
5.066493436007994511e+00 1.979003291138133891e-01
5.160955079350987518e+00 1.964274902123215316e-01
5.257177901743506077e+00 1.946471779764535059e-01
5.355194739268324788e+00 1.925549544839235405e-01
5.455039040245848625e+00 1.901475405669358909e-01
5.556726121634467219e+00 1.874234308245042724e-01
5.660308746289578252e+00 1.843815406046528382e-01
5.765822248933685223e+00 1.810225814112848275e-01
5.873302622950586915e+00 1.773487054268701180e-01
5.982745698753719310e+00 1.733651065776903588e-01
6.094228135989083306e+00 1.690757432384226433e-01
6.207787936105411575e+00 1.644874581905333977e-01
6.323463808657328045e+00 1.596087088503519713e-01
6.440957863810797157e+00 1.544646372628113162e-01
6.560635034651431496e+00 1.490535537811255584e-01
6.682535884870303811e+00 1.433888552637099800e-01
6.806701731883453732e+00 1.374856021647135051e-01
6.929604023977760541e+00 1.315347997123571810e-01
7.054725448624345141e+00 1.253914103284746173e-01
7.182106074642691240e+00 1.190739112376644759e-01
7.311786694332056413e+00 1.126023008775561274e-01
7.439199537622418923e+00 1.062287125836589574e-01
7.568832636137377889e+00 9.975246379305904854e-02
7.700724679334750356e+00 9.319585164328547666e-02
7.834915030856245188e+00 8.658269074902970319e-02
7.970248229028293885e+00 7.999620470360443991e-02
8.107919049808753442e+00 7.340581720900983542e-02
8.247967871166341780e+00 6.684015927645001187e-02
8.390435768524730165e+00 6.033021756495138277e-02
8.539937156181609978e+00 5.371090489549402297e-02
8.692102370306713510e+00 4.722801728488960210e-02
8.846978875158287181e+00 4.092778540428625850e-02
9.004614980706399763e+00 3.486297157280680153e-02
9.164264375051880407e+00 2.912210692536991441e-02
9.326744310094483126e+00 2.374458001117219288e-02
9.492104970545200970e+00 1.881032970281837011e-02
9.660397430902374794e+00 1.440672944476454817e-02
9.791404379322329987e+00 1.144466682173855485e-02
9.924187944140765438e+00 8.876335472556553738e-03
1.005877221848568936e+01 6.719075627720474259e-03
1.019518162219789126e+01 4.969598416100550267e-03
1.033344090629746681e+01 3.601109848823563862e-03
1.047357515745035350e+01 2.566560311321245975e-03
1.061560980253226916e+01 1.807207929801922866e-03
1.075957061323371988e+01 1.262674143955316288e-03
1.097017183909204618e+01 7.489753317430597034e-04
1.118489524397886825e+01 4.441383178173286699e-04
1.140382151289539969e+01 2.646569244993058809e-04
1.162703291012130080e+01 1.589451281024422183e-04
1.185229980641452130e+01 9.684167821755019861e-05
1.208193111579065260e+01 5.959481351432954874e-05
1.231601139617501772e+01 3.705298367617326192e-05
1.255462684375928006e+01 2.327758153074421102e-05
1.291838207978584308e+01 1.187705210390994014e-05
1.329267668694863680e+01 6.196948159691990143e-06
1.367781603086664610e+01 3.304275722900218661e-06
1.407411432475699264e+01 1.799340325363996029e-06
1.477608498981305551e+01 6.691362477854519180e-07
1.551306764946002659e+01 2.631445869319045619e-07
1.628680858715474145e+01 1.090966808465041519e-07
1.709914118526596738e+01 4.754486590502717546e-08
1.838551952651466692e+01 1.503966583012256652e-08
1.976867285890581982e+01 5.239445049497442500e-09
2.125588162134121362e+01 1.994947141579926655e-09
2.285497396437198958e+01 8.244159354831710017e-10
2.483624866013629173e+01 3.284485630778248920e-10
2.698927806567031951e+01 1.432479196272769245e-10
2.932895142393859800e+01 6.784545210500736234e-11
3.187144871140396418e+01 3.463838306408170769e-11
3.506978491173233436e+01 1.738659988453170901e-11
3.858907779473722854e+01 9.461213893869535129e-12
4.246153572928997733e+01 5.531910025631268879e-12
4.672259923080707722e+01 3.446640179697027618e-12
5.214408786491519265e+01 2.144097106050690132e-12
5.819466262636648679e+01 1.420745946947218524e-12
6.494731995254790036e+01 9.933579470798538700e-13
7.248352647219763867e+01 7.267797333731041475e-13
8.220620633152022094e+01 5.322063711267788225e-13
9.323305154051691090e+01 4.061267633584182991e-13
1.057389981542520729e+02 3.205473447464451351e-13
1.199224475218368298e+02 2.600870029468698480e-13
1.385387581919916045e+02 2.104203058557068987e-13
1.600449950613202645e+02 1.743814082980901485e-13
1.848897794268357586e+02 1.473462158208681393e-13
2.135913748717964040e+02 1.264760479525683933e-13
2.521140884651194369e+02 1.078047905992453766e-13
2.975846456381192979e+02 9.315705885291322089e-14
3.512561390706878797e+02 8.139079869717434341e-14
4.146076655610422677e+02 7.174360781996269266e-14
5.022190616438775805e+02 6.256556472512124288e-14
6.083437592433937198e+02 5.499251270895406332e-14
7.368938331387081462e+02 4.863967578672880674e-14
8.926080247676761701e+02 4.323222815437000578e-14
1.116913289434124863e+03 3.785775324213748144e-14
1.397584674906624059e+03 3.330353556458943025e-14
1.748786536977985406e+03 2.940140205243923807e-14
2.188242620876806541e+03 2.602217299864434808e-14
2.857904091499558490e+03 2.256331257939332232e-14
3.732500097698511581e+03 1.962154943544854198e-14
4.874746154273503635e+03 1.710119290830348440e-14
6.366550421058856955e+03 1.492092245926836843e-14
8.827158891037865033e+03 1.264913765675552150e-14
1.223876808230417009e+04 1.075744415899431196e-14
1.696893032304346707e+04 9.174343926755412711e-15
2.352725326371285701e+04 7.830709060129993200e-15
3.567378495303302770e+04 6.423815181213590327e-15
5.409126677944956464e+04 5.324453563725737321e-15
8.201723326127367909e+04 4.469122477012139506e-15
1.243606769141819823e+05 3.785146901666314194e-15
2.183648165351746429e+05 3.122659675461742180e-15
3.834266126851802110e+05 2.780563476059248631e-15
6.732584930481124902e+05 2.761924375810408367e-15
1.182174067906805547e+06 3.078658845439125366e-15
2.732009314352005254e+06 5.010379714786546101e-15
6.313685180832201615e+06 1.291376940968375997e-14
1.459095338849656843e+07 4.724582675040817181e-14
3.371975552909085900e+07 2.034777892359124714e-13
4.096378548471307009e+07 2.920318260015686145e-13
4.976405359136919677e+07 4.211004299274552191e-13
6.045488717758186907e+07 6.096106551749017253e-13
7.344243725932160020e+07 8.854175649123660156e-13
8.922010845451940596e+07 1.289546075308629497e-12
1.083873037128170282e+08 1.882430708338785225e-12
1.316721959839673787e+08 2.753121258827993606e-12
1.599593919337432086e+08 4.032868608214970134e-12
1.878192554624648392e+08 5.531337623456134412e-12
2.205314254825160801e+08 7.592336045173694436e-12
2.589410202144596279e+08 1.042801749403574909e-11
3.040403507254414558e+08 1.433071466589618458e-11
3.569945572652385831e+08 1.970328455481832205e-11
4.191717106394091249e+08 2.710091213042800552e-11
4.921781562900137901e+08 3.728873014378601898e-11
5.779000141961121559e+08 5.132124908819299593e-11
6.349558359425750971e+08 6.190062493846553633e-11
6.976447546184052229e+08 7.466654052938490839e-11
7.665229234787557125e+08 9.007141671980206978e-11
8.422014045521994829e+08 1.086613120095249306e-10
9.253515897622184753e+08 1.310952982696248762e-10
1.016711157268236518e+09 1.581688341904950621e-10
1.117090615880432367e+09 1.908419626674216555e-10
1.227380495598294020e+09 2.302733330583595583e-10
1.330973281141440868e+09 2.706782102871991540e-10
1.443309455760240316e+09 3.181795808247855854e-10
1.565126974825381517e+09 3.740238190904483021e-10
1.697226078267537594e+09 4.396759771245886238e-10
1.814056706893716812e+09 5.021556425627567739e-10
1.938929514437790394e+09 5.735173390583768202e-10
2.072398094101219654e+09 6.550229046160437431e-10
2.215054146348812103e+09 7.481130624171645397e-10
2.307327232981728077e+09 8.116121055833323396e-10
2.403444163581655979e+09 8.805002962289879174e-10
2.503565062155924320e+09 9.552344240342422154e-10
2.607856723040143013e+09 1.036309867402824053e-09
2.716492888764830112e+09 1.124263835249592264e-09
2.829654539497062206e+09 1.219678879346471942e-09
2.947530194543280125e+09 1.323186676172779188e-09
3.070316226407602310e+09 1.435472140821470199e-09
3.182829938965532303e+09 1.542362517131424587e-09
3.299466788874582767e+09 1.657204545895738899e-09
3.420377871154789925e+09 1.780588108034261737e-09
3.545719817799927235e+09 1.913146558296494874e-09
3.663795382219328880e+09 2.042350492294378984e-09
3.785802965982729435e+09 2.180267058541206702e-09
3.911873508766797543e+09 2.327481557806351997e-09
4.042142310651317120e+09 2.484618279713102990e-09
4.170739895826479435e+09 2.644739293780965291e-09
4.303428712245299339e+09 2.815157447512803597e-09
4.440338919218777657e+09 2.996531649601331101e-09
4.581604816974616051e+09 3.189562507420599914e-09
4.725336683881343842e+09 3.392092674193492743e-09
4.873577636662608147e+09 3.607446257511161472e-09
5.026469132156503677e+09 3.836429942456272605e-09
5.184157064915135384e+09 4.079900449018194188e-09
5.347780847294710159e+09 4.340365733759734179e-09
5.516568968218283653e+09 4.617396268549655769e-09
5.690684425949797630e+09 4.912036759046776468e-09
5.870295363355191231e+09 5.225396608462292090e-09
6.059845129512154579e+09 5.566453572086948070e-09
6.255515390746257782e+09 5.929659637099143790e-09
6.457503775681526184e+09 6.316437591991984064e-09
6.666014294294752121e+09 6.728299447855543619e-09
6.889147014420271873e+09 7.183184434036219620e-09
7.119748697045675278e+09 7.668620242339509724e-09
7.358069352129076004e+09 8.186629532357919346e-09
7.604367358241809845e+09 8.739364659019988647e-09
7.871090396184329987e+09 9.357807745639769770e-09
8.147168739516465187e+09 1.001963182672618886e-08
8.432930525406336784e+09 1.072782243942078745e-08
8.728715400402997971e+09 1.148556201460159773e-08
9.052349071917615891e+09 1.234331792325534301e-08
9.387982075354988098e+09 1.326437878531146485e-08
9.736059308691295624e+09 1.425329778089236536e-08
1.009704216534705162e+10 1.531493671620022956e-08
1.049540089338511848e+10 1.652884596730183744e-08
1.090947607318909073e+10 1.783742936702758559e-08
1.133988776612859344e+10 1.924781175466313814e-08
1.178728049685369301e+10 2.076761041599030052e-08
1.228382790378649139e+10 2.251799184436048285e-08
1.280129271634211349e+10 2.441260658818953040e-08
1.334055609481170654e+10 2.646274980112345332e-08
1.390253631897830963e+10 2.868049453056945533e-08
1.452629129113130188e+10 3.123779759068108235e-08
1.517803182335950470e+10 3.401586294540043257e-08
1.585901352340141296e+10 3.703236514634703486e-08
1.657054833343068123e+10 4.030612677893990662e-08
1.735216960681167221e+10 4.404296009175989299e-08
1.817065941361242294e+10 4.811013281771475572e-08
1.902775681698394775e+10 5.253362775135623746e-08
1.992528291048735428e+10 5.734081554103217136e-08
2.088793491745405197e+10 6.268925800890755323e-08
2.189709561845436859e+10 6.850195972203741728e-08
2.295501199226570511e+10 7.481217047340545996e-08
2.406403957614224243e+10 8.165404011435726704e-08
2.521725560292225266e+10 8.900152017911871986e-08
2.642573696452268982e+10 9.694055573143986450e-08
2.769213213024440002e+10 1.055048450298802099e-07
2.901921649141967773e+10 1.147270634765656400e-07
3.036749360013666916e+10 1.243324050125470110e-07
3.177841372205545425e+10 1.346118849998610545e-07
3.325488734722062302e+10 1.455878876956547726e-07
3.479996019149787140e+10 1.572782665612750527e-07
3.635721243633675385e+10 1.692344664190017763e-07
3.798414966186521149e+10 1.818700954734875799e-07
3.968389017891790771e+10 1.951819335414623991e-07
4.145969183859923553e+10 2.091575325948487616e-07
4.325775137768572235e+10 2.233232381331652629e-07
4.513379070780594635e+10 2.380587999305708436e-07
4.709119172354548645e+10 2.533189483149988906e-07
4.913348298839144135e+10 2.690439484192480168e-07
5.122946757097142029e+10 2.848970218737699758e-07
5.341486473137506866e+10 3.010380379214539244e-07
5.569348871949266815e+10 3.173605763397847812e-07
5.806931649729264069e+10 3.337392374489184170e-07
6.056223033885054016e+10 3.501295102886730588e-07
6.316216488937600708e+10 3.662614012209609308e-07
6.587371454435651398e+10 3.819466264151487861e-07
6.870167093660306549e+10 3.969772093901847599e-07
7.177474192572322083e+10 4.116854273772508299e-07
7.498527340414369202e+10 4.251669484668701954e-07
7.833941407017086792e+10 4.371367037200081410e-07
8.184358765723968506e+10 4.473015794947244677e-07
8.588705620912638855e+10 4.560608468622777078e-07
9.013029163827607727e+10 4.618915899512047209e-07
9.458316339334439087e+10 4.644431203513624852e-07
9.925602852141770935e+10 4.634094061899669455e-07
1.052672548095559998e+11 4.569505984129882487e-07
1.116425379920412903e+11 4.445414280042963372e-07
1.184039263857743225e+11 4.261434553705153084e-07
1.255748036162470093e+11 4.019712199558617193e-07
1.349551682168638000e+11 3.652189350814632203e-07
1.450362405829663391e+11 3.220297413702820866e-07
1.558703631760181580e+11 2.744013910998590820e-07
1.675137884087933655e+11 2.246974890287296542e-07
1.738019968841222229e+11 1.992981289154530428e-07
1.803262549778587646e+11 1.743703332818663690e-07
1.870954236274622803e+11 1.502453643972168715e-07
1.941186963963728638e+11 1.272346579011147178e-07
2.014056119601302185e+11 1.056235521838505488e-07
2.089660670614018555e+11 8.566498170423351922e-08
2.168103299512515564e+11 6.757380310330748025e-08
2.249490543350078125e+11 5.152268695820578668e-08
2.346304124465796814e+11 3.583018067324746385e-08
2.447284368791397400e+11 2.308158042069322309e-08
2.552610601191754456e+11 1.329874504600357064e-08
2.662469864315225220e+11 6.402917071682338157e-09
2.742301051129631348e+11 3.188223957727326477e-09
2.824525886966547852e+11 1.182566150560623722e-09
2.909216142719866333e+11 2.136848938539766693e-10
2.912643919970945435e+11 1.931934744079907421e-10
2.916075735992711792e+11 1.739155530286522348e-10
2.919511595543989868e+11 1.558281276896866037e-10
2.922951503388732910e+11 1.389075505942951580e-10
2.926395464297045898e+11 1.231294356683885170e-10
2.929843483044675903e+11 1.084686357912442243e-10
2.933295564411986084e+11 9.489925794448632070e-11
2.936751713186517334e+11 8.239448980386703031e-11
2.940596129946762695e+11 6.971681947359268092e-11
2.944445579321251221e+11 5.827941557476358866e-11
2.948300067898493652e+11 4.804109084283176036e-11
2.952159602275717773e+11 3.895879818780483556e-11
2.955721744335026245e+11 3.157188902239204304e-11
2.959288184554797363e+11 2.509174945755593066e-11
2.962858928121534424e+11 1.947931699398702392e-11
2.966433980227382202e+11 1.469329322715632751e-11
2.969698806212014160e+11 1.101126891376107518e-11
2.972967225430089722e+11 7.944947417669713744e-12
2.976239241835330811e+11 5.456376016037763775e-12
2.979514859388126831e+11 3.504598134741669278e-12
2.981761955291588745e+11 2.453987160594010377e-12
2.984010745913958130e+11 1.618935650457756702e-12
2.986261232533656006e+11 9.824383982887451545e-13
2.988513416429102783e+11 5.257714846486439471e-13
2.989853948821881104e+11 3.309114024478514448e-13
2.991195082526993408e+11 1.873468496320129006e-13
2.992536817812637329e+11 8.957125137451547525e-14
2.993879154949061279e+11 3.128530040448884465e-14
2.994520633091533203e+11 1.524278798351610106e-14
2.995162248679417725e+11 5.532287666063042369e-15
2.995804001741432495e+11 9.781512451780846605e-16