2.047925547637392592e+05 1.217387358889389881e-20
2.343321177301035787e+05 1.392985004926371837e-20
2.681325083483853959e+05 1.593911099684187044e-20
3.068083143259380013e+05 1.823819053839644925e-20
3.510627723559608567e+05 2.086889251104162234e-20
4.714897508449170855e+05 2.802766258700757108e-20
6.332274529142648680e+05 3.764214462622961774e-20
8.504469214981489349e+05 5.055473490395563488e-20
1.142180369719223818e+06 6.789680148635579316e-20
1.533988734621790238e+06 9.118781180111607197e-20
2.060201260966082104e+06 1.224684644791309728e-19
2.766923341671466362e+06 1.644794901382970868e-19
3.716076154178391211e+06 2.209017871761428324e-19
4.386093306701856665e+06 2.607308919331897463e-19
5.176916106375054456e+06 3.077412766883051475e-19
6.110326091674177907e+06 3.632277428866168013e-19
7.212032062989031896e+06 4.287185476783786629e-19
8.512378177079308778e+06 5.060174965233160523e-19
1.004717971255776659e+07 5.972536251916212684e-19
1.185870952588519268e+07 7.049398395410866158e-19
1.399686236760770902e+07 8.320421281870651052e-19
1.561942922648197599e+07 9.284954580044169301e-19
1.743008989826748893e+07 1.036130006316660226e-18
1.945064889737410098e+07 1.156241940371523894e-18
2.170543839631004259e+07 1.290277683805938672e-18
2.422161124092449993e+07 1.439851334912293785e-18
2.702946793308205530e+07 1.606764104088576201e-18
3.016282151829123124e+07 1.793026004548744958e-18
3.365940477248007059e+07 2.000880057501896411e-18
3.700547873977518827e+07 2.199787100460680378e-18
4.068418517842992395e+07 2.418467448461476004e-18
4.472859100870550424e+07 2.658886761370816040e-18
4.917505032608962059e+07 2.923206104863597653e-18
5.330793129208188504e+07 3.168884813614254035e-18
5.778815720162595809e+07 3.435211408871757546e-18
6.264492040523532033e+07 3.723921227078080142e-18
6.790986670306812227e+07 4.036895449749857268e-18
7.285652946466596425e+07 4.330949338411055202e-18
7.816351501391521096e+07 4.646422580233758436e-18
8.385706983604736626e+07 4.984875394982770246e-18
8.996535225204193592e+07 5.347981651310994372e-18
9.576054773653383553e+07 5.692476485263790420e-18
1.019290457186859995e+08 6.059162249949980927e-18
1.084948927997946739e+08 6.449468393224669150e-18
1.154836845635301471e+08 6.864916442056348431e-18
1.221615804794382602e+08 7.261883317247072580e-18
1.292256287252724916e+08 7.681804980131645327e-18
1.366981587329076529e+08 8.126008801591264099e-18
1.446027911436544061e+08 8.595898908322267535e-18
1.521963217579299510e+08 9.047295598776464323e-18
1.601886116681516171e+08 9.522396496692012378e-18
1.686006009329305887e+08 1.002244638178317168e-17
1.774543292368261218e+08 1.054875540090080924e-17
1.859952627512364388e+08 1.105647036387290747e-17
1.949472741221657097e+08 1.158862180980699176e-17
2.043301486581285894e+08 1.214638587436785904e-17
2.141646239407573938e+08 1.273099530103068386e-17
2.236836645511036515e+08 1.329685374387863770e-17
2.336258008738309741e+08 1.388786306975492947e-17
2.440098383736833930e+08 1.450514116759666551e-17
2.548554183675120473e+08 1.514985561347672211e-17
2.653822981686232984e+08 1.577562495688999913e-17
2.763439939099648595e+08 1.642724189084334384e-17
2.877584657948007584e+08 1.710577405778079251e-17
2.996444158781176209e+08 1.781233319940496516e-17
3.119078073134551644e+08 1.854132930442839808e-17
3.246730962026896477e+08 1.930016065358370248e-17
3.379608234430010915e+08 2.009004829823613585e-17
3.517923705969019532e+08 2.091226326317378825e-17
3.661866228458577394e+08 2.176792817590590361e-17
3.811698432338331938e+08 2.265860424026256020e-17
3.967661305096127391e+08 2.358572400372173158e-17
4.130005694678400159e+08 2.455077862916406566e-17
4.298991726442137957e+08 2.555531442885851882e-17
4.474892101926276684e+08 2.660095247399417849e-17
4.657989732967032790e+08 2.768937453079303839e-17
4.848579107208983302e+08 2.882233117768327663e-17
5.046966758516607285e+08 3.000164460155623012e-17
5.253471769427513480e+08 3.122921158484243098e-17
5.468426275170094967e+08 3.250700650133486855e-17
5.692176000830633640e+08 3.383708450956830564e-17
5.925080860662852526e+08 3.522158511540665288e-17
6.167515410676584244e+08 3.666273486220742359e-17
6.419869574009609222e+08 3.816285164308472221e-17
6.682549228162951469e+08 3.972434819142493048e-17
6.955976930320246220e+08 4.134973639263291801e-17
7.240592385195094347e+08 4.304163006538782515e-17
7.536853358447170258e+08 4.480275039106864780e-17
7.845236345974937677e+08 4.663592989264832982e-17
8.166237458539308310e+08 4.854411769306499244e-17
8.500372874484984875e+08 5.053038220654218756e-17
8.848180006049466133e+08 5.259791807154400497e-17
9.210218254591867924e+08 5.475005064031887682e-17
9.587070102438350916e+08 5.699024246904356557e-17
9.979341488810219765e+08 5.932209555282103948e-17
1.038766333052913189e+09 6.174936036516043129e-17
1.081269235944841385e+09 6.427594083611921770e-17
1.125511249045117855e+09 6.690590248407802319e-17
1.171563501129355192e+09 6.964347354450745278e-17
1.219500061277069092e+09 7.249305703793745728e-17
1.269398029232970476e+09 7.545923614126227828e-17
1.321337709884751081e+09 7.854678455957210478e-17
1.375402595054193497e+09 8.176066544354983819e-17
1.431679641267704964e+09 8.510604790143250593e-17
1.490259363033883572e+09 8.858831254325416440e-17
1.551236060137613535e+09 9.221306499244262762e-17
1.614707730721465349e+09 9.598613071889122510e-17
1.680776461205183268e+09 9.991357821695571819e-17
1.749548515060937643e+09 1.040017242825063660e-16
1.821134635962940454e+09 1.082571520331128980e-16
1.895649839803523064e+09 1.126866985446277209e-16
1.973213975608527422e+09 1.172974881936263496e-16
2.053951796256103277e+09 1.220969368608670997e-16
2.137993373147956371e+09 1.270927765806730659e-16
2.225473680519824505e+09 1.322930308304170108e-16
2.316533420959280968e+09 1.377060636017179803e-16
2.411319054183381557e+09 1.433405811102142144e-16
2.509983378936357975e+09 1.492056663855454867e-16
2.612684767536999226e+09 1.553107337691190738e-16
2.719588405168228626e+09 1.616656025809049335e-16
2.830866235920637131e+09 1.682804939107528968e-16
2.946697799794562817e+09 1.751660803719701877e-16
3.067268885098288536e+09 1.823334059937483954e-16
3.192773420519814968e+09 1.897939986912515004e-16
3.323413269800622463e+09 1.975598580564574295e-16
3.459399463251815796e+09 2.056435285643664897e-16
3.600949889407783508e+09 2.140579623533748362e-16
3.748292223479870319e+09 2.228166933004794889e-16
3.901663456617746353e+09 2.319338090322421636e-16
4.061311744548099518e+09 2.414240608168737455e-16
4.227492522049315929e+09 2.513026325860653465e-16
4.400473085568397522e+09 2.615854133398459857e-16
4.580531668788983345e+09 2.722889421859407436e-16
4.767960264856864929e+09 2.834305761011327248e-16
4.963058162474822044e+09 2.950281056851227673e-16
5.166139178144589424e+09 3.071001850638713231e-16
5.377529969273209572e+09 3.196662316004374193e-16
5.597574402353872299e+09 3.327466855511479647e-16
5.826622886142628670e+09 3.463623759790367687e-16
6.065043859543451309e+09 3.605352036218649415e-16
6.313220837692174911e+09 3.752879652784024753e-16
6.571559247784551620e+09 3.906447601452648941e-16
6.840468923453398705e+09 4.066299492049865437e-16
7.120382443255943298e+09 4.232692453047870217e-16
7.411750086954849243e+09 4.405894133044343839e-16
7.715050624540503502e+09 4.586189113999359763e-16
8.030762699888565063e+09 4.773861900416269559e-16
8.359394212760843277e+09 4.969214384605985218e-16
8.701473846972608566e+09 5.172560810155553346e-16
9.057568211254384995e+09 5.384237960795029871e-16
9.428235186855604172e+09 5.604577428240566169e-16
9.814071135362926483e+09 5.833933673421839235e-16
1.021569682354241371e+10 6.072675658748135621e-16
1.063378479203145027e+10 6.321203116552868035e-16
1.106898344346141052e+10 6.579901424083015688e-16
1.152199305025328255e+10 6.849186783711697016e-16
1.199354254418485069e+10 7.129492424419804803e-16
1.248443338269482613e+10 7.421294676453704876e-16
1.299541618439421272e+10 7.725039639132074388e-16
1.352731330520135498e+10 8.041216041548075689e-16
1.408098075972289276e+10 8.370332605081675502e-16
1.465737873599403763e+10 8.712959957838946405e-16
1.525737127806671524e+10 9.069611559989557045e-16
1.588192421780694962e+10 9.440861355772316412e-16
1.653204292293263054e+10 9.827306765393811716e-16
1.720888590978901672e+10 1.022963621635322955e-15
1.791343971441972733e+10 1.064843587953840463e-15
1.864683885315242004e+10 1.108437985362369853e-15
1.941026429086817932e+10 1.153816980637255085e-15
2.020512683955060959e+10 1.201064398444025736e-15
2.103253951026467514e+10 1.250246357317800364e-15
2.189383525100902176e+10 1.301442043454989420e-15
2.279040159484166336e+10 1.354733881013507505e-15
2.372397720282651138e+10 1.410225157806505914e-15
2.469579537587394714e+10 1.467989115869629788e-15
2.570742266496575546e+10 1.528118796414788004e-15
2.676048979255952072e+10 1.590711044234114448e-15
2.785717191153886795e+10 1.655895051939535282e-15
2.899879759020277023e+10 1.723749681174678489e-15
3.018720867817873383e+10 1.794384287161350098e-15
3.142432250665227890e+10 1.867912694135087700e-15
3.271291101244268799e+10 1.944499500371041155e-15
3.405433949072830200e+10 2.024225681008874752e-15
3.545077470202238464e+10 2.107219822584850258e-15
3.690447225725785828e+10 2.193615764144221907e-15
3.841904311754906464e+10 2.283627862963078296e-15
3.999577243045651245e+10 2.377332218639511858e-15
4.163721119799474335e+10 2.474880123929085894e-15
4.334601511597859192e+10 2.576429047673450114e-15
4.512700848464454651e+10 2.682265277583439554e-15
4.698117899245040131e+10 2.792447054731379041e-15
4.891153332872147369e+10 2.907152540193098410e-15
5.092120172100154114e+10 3.026567161526990078e-15
5.301681241239854431e+10 3.151084106721609614e-15
5.519866584790196228e+10 3.280720487485470071e-15
5.747031126066441345e+10 3.415686356839471339e-15
5.983544394892272186e+10 3.556200324550183251e-15
6.230344722189648438e+10 3.702818771753605361e-15
6.487324701801364899e+10 3.855476675896877946e-15
6.754904208867877197e+10 4.014422110619848122e-15
7.033520436907398987e+10 4.179913237966892378e-15
7.324543714727058411e+10 4.352762206428888754e-15
7.627608551112040710e+10 4.532749931777124703e-15
7.943213185008914185e+10 4.720170097513481557e-15
8.271876470807011414e+10 4.915328302126277196e-15
8.615664575057249451e+10 5.119448442063785041e-15
8.973740883567013550e+10 5.332030447648123136e-15
9.346699229509497070e+10 5.553423209072621860e-15
9.735158126405676270e+10 5.783989724554715224e-15
1.014233800547990570e+11 6.025636443035922202e-15
1.056654847119207306e+11 6.277354547644630254e-15
1.100850183988115845e+11 6.539560635892146456e-15
1.146894022102887268e+11 6.812688072999424509e-15
1.195306724545844879e+11 7.099815032380373160e-15
1.245763024490295715e+11 7.399002762922362067e-15
1.298349186294869232e+11 7.710752558241507209e-15
1.353155115711188049e+11 8.035585756099683203e-15
1.411058033868714905e+11 8.378686587718900914e-15
1.471438678261802673e+11 8.736368628729744471e-15
1.534403073379670105e+11 9.109242431954933837e-15
1.600061780609201660e+11 9.497942733816110066e-15
1.669978545205761414e+11 9.911699429527920999e-15
1.742950413068212280e+11 1.034336227339909800e-14
1.819110880876874695e+11 1.079369006317657450e-14
1.898599278621684265e+11 1.126347124295741958e-14
1.984449815632870483e+11 1.177058411550134290e-14
2.074182327523030090e+11 1.230031613878966034e-14
2.167972348767644348e+11 1.285364616474586927e-14
2.266003351129400940e+11 1.343159052215195112e-14
2.375156822297034302e+11 1.407459619787031327e-14
2.489568220493906250e+11 1.474797075527301881e-14
2.609490820272922058e+11 1.545308601043372947e-14
2.735190096432810974e+11 1.619136473808494432e-14
2.890441036882410889e+11 1.710201832257421137e-14
3.054504108723746338e+11 1.806285522438157751e-14
3.227879493529964600e+11 1.907645531683163170e-14
3.411095763464478760e+11 2.014549074255104577e-14
3.589249141527425537e+11 2.118280117969356695e-14
3.776707044679028320e+11 2.227184530486136959e-14
3.973955426027651978e+11 2.341492592003219931e-14
4.181505618842611084e+11 2.461439353845434672e-14
4.359324714246137695e+11 2.563920389937335086e-14
4.544705590878632812e+11 2.670468661366701626e-14
4.737969814510679932e+11 2.781218777516316012e-14
4.939452625549738770e+11 2.896305609873216093e-14
5.123597571425976562e+11 3.001142539910154923e-14
5.314607521112166748e+11 3.109525095681816857e-14
5.512738404940344238e+11 3.221543782672794057e-14
5.718255694435329590e+11 3.337287390575423935e-14
5.912565144815584717e+11 3.446281313011011456e-14
6.113477336403594971e+11 3.558516628176546029e-14
6.321216633947686768e+11 3.674055333153484209e-14
6.536015026235889893e+11 3.792956259650406400e-14
6.742159157242618408e+11 3.906510112105486745e-14
6.954805017906914062e+11 4.023056735145275653e-14
7.174157671008540039e+11 4.142633933519099614e-14
7.400428646956831055e+11 4.265275040274920258e-14
7.619397809885754395e+11 4.383254050527190183e-14
7.844845988642209473e+11 4.503979418883927379e-14
8.076964888965531006e+11 4.627465699764566256e-14
8.315951888928266602e+11 4.753721713541884285e-14
8.548469551689248047e+11 4.875675487573748398e-14
8.787488510301646729e+11 5.000105899385447081e-14
9.033190543846075439e+11 5.127003779063864283e-14
9.285762514029431152e+11 5.256352975410720357e-14
9.532436697497412109e+11 5.381581186770997739e-14
9.785663724927615967e+11 5.508977150048146581e-14
1.004561767113024902e+12 5.638506793863973376e-14
1.031247723519216309e+12 5.770127835024286328e-14
1.057387475820762573e+12 5.897698236435642961e-14
1.084189810579545532e+12 6.027076693475458848e-14
1.111671522732866699e+12 6.158202709933246496e-14
1.139849832931374512e+12 6.291006386138969979e-14
1.167519213769411865e+12 6.419754739864092533e-14
1.195860257324511963e+12 6.549891238828351474e-14
1.224889267930371826e+12 6.681327334433166885e-14
1.254622945700494873e+12 6.813963962885684969e-14
1.283883694628702881e+12 6.942486341673217918e-14
1.313826872832219727e+12 7.071908856205894017e-14
1.344468396162254883e+12 7.202113390212615662e-14
1.375824551664380615e+12 7.332970341998202160e-14
1.406746577578939941e+12 7.459612325163440102e-14
1.438363584322106689e+12 7.586591818536515890e-14
1.470691191773994141e+12 7.713759970291474621e-14
1.503745370876265625e+12 7.840955699915521338e-14
1.536410796761527100e+12 7.963800854305856912e-14
1.569785804248466309e+12 8.086341324613666226e-14
1.603885807372263184e+12 8.208396986614900406e-14
1.638726555004227539e+12 8.329775084393591434e-14
1.673234359878567627e+12 8.446634376087639995e-14
1.708468819602107910e+12 8.562464321113821342e-14
1.744445235850941650e+12 8.677053975156908035e-14
1.781179232519647949e+12 8.790179844412991494e-14
1.817650686912069580e+12 8.898583602789458854e-14
1.854868931386343262e+12 9.005150855353680430e-14
1.892849257228468994e+12 9.109641738039674906e-14
1.931607268828767822e+12 9.211804583609295616e-14
1.970192279283152100e+12 9.308999249122218278e-14
2.009548048398247559e+12 9.403471853603881106e-14
2.049689972539409668e+12 9.494957548156695166e-14
2.090633755623637207e+12 9.583181302423125952e-14
2.131518082517949951e+12 9.666134685475359745e-14
2.173201941219994141e+12 9.745412175773018221e-14
2.215700967332644043e+12 9.820730646632441875e-14
2.259031102228441895e+12 9.891799520926288455e-14
2.302444081569322266e+12 9.957221308142565262e-14
2.346691350784708496e+12 1.001796405279954181e-13
2.391788942858440918e+12 1.007373672466508634e-13
2.437753198889139160e+12 1.012424491447647486e-13
2.483974883726641602e+12 1.016863485581909917e-13
2.531072967434587402e+12 1.020732523333494030e-13
2.579064067212781738e+12 1.024003216295281901e-13
2.627965115335863281e+12 1.026647396710232109e-13
2.677330338745479492e+12 1.028622042313505856e-13
2.727622867189516113e+12 1.029928022877543815e-13
2.778860119704855957e+12 1.030539731879671239e-13
2.831059842537336426e+12 1.030432494870346804e-13
2.883954261893965820e+12 1.029589318370309174e-13
2.937836939978328613e+12 1.027989827118128810e-13
2.992726341032395020e+12 1.025613868953738609e-13
3.048641274275037598e+12 1.022443056387553189e-13
3.105481309373987793e+12 1.018470140322234005e-13
3.163381091852380859e+12 1.013675375437262883e-13
3.222360380037844238e+12 1.008047234525272550e-13
3.282439300657359375e+12 1.001576819921933695e-13
3.343627070324375488e+12 9.942595010925427788e-14
3.405955437825454590e+12 9.860912769968895988e-14
3.469445664984932617e+12 9.770724945889388522e-14
3.534119409960831055e+12 9.672068607965050914e-14
3.599974163804139160e+12 9.565057100268307957e-14
3.667056054623738770e+12 9.449765009500715881e-14
3.735387948882708008e+12 9.326339037337212654e-14
3.804993139129913086e+12 9.194963139629303426e-14
3.875692377280914551e+12 9.056264202210133172e-14
3.947705253093638184e+12 8.910138610381638914e-14
4.021056174799221191e+12 8.756880933572229371e-14
4.095770004164776855e+12 8.596820990558861480e-14
4.169723519572256348e+12 8.435065724950440128e-14
4.245012344928797852e+12 8.267592029270309989e-14
4.321660590688394531e+12 8.094792297706959314e-14
4.399692802641691406e+12 7.917084166326332997e-14
4.476360434374338867e+12 7.741283788679915612e-14
4.554364051597270508e+12 7.561735260882132101e-14
4.633726934766580078e+12 7.378870879366270734e-14
4.714472770012395508e+12 7.193136873537598039e-14
4.795906285902240234e+12 7.006633666603732126e-14
4.878746410299071289e+12 6.818215852469142741e-14
4.963017439680040039e+12 6.628347766614738916e-14
5.048744090199137695e+12 6.437499870411589169e-14
5.138702975319351562e+12 6.240159688099406011e-14
5.230264754318951172e+12 6.042805282152388495e-14
5.323457987680365234e+12 5.845967403923548617e-14
5.418311744772885742e+12 5.650181955335542423e-14
5.514376950257123047e+12 5.456938309312127991e-14
5.612145365921487305e+12 5.265808944046567703e-14
5.711647189215795898e+12 5.077348755843792077e-14
5.812913152998121094e+12 4.892125626723608143e-14
5.891743451549654297e+12 4.752705803925952466e-14
5.971642786536223633e+12 4.615782385432607020e-14
6.052625655421489258e+12 4.481600181445348326e-14
6.134706752260712891e+12 4.350382431065738478e-14
6.217900970388388672e+12 4.222323273734776512e-14
6.302223405105866211e+12 4.097569249931792737e-14
6.387689356427598633e+12 3.976215704645682233e-14
6.474314331852089844e+12 3.858308815656566319e-14
6.601038583580419922e+12 3.694684224357777790e-14
6.730243257968910156e+12 3.538087760282881378e-14
6.861976905287687500e+12 3.388325201571057961e-14
6.996289026099917969e+12 3.245152155596036373e-14
7.131837994324469727e+12 3.109642044931311717e-14
7.270013143759083984e+12 2.980053934380358810e-14
7.410865355113359375e+12 2.856123721560590744e-14
7.554446494884493164e+12 2.737594609747882280e-14
7.773327509987122070e+12 2.570641825993042211e-14
7.998550339651763672e+12 2.414335407936258836e-14
8.230298730337688477e+12 2.267955881486708866e-14
8.468761752334778320e+12 2.130834711687926365e-14
8.891155814391712891e+12 1.916753239823241953e-14
9.334617506981025391e+12 1.724994552817000462e-14
9.800197614415445312e+12 1.553107770265468374e-14
1.028899933069522656e+13 1.398929871785485742e-14
1.106304673744648242e+13 1.197956223921668453e-14
1.189532618101785156e+13 1.026666023616461214e-14
1.279021849142740625e+13 8.805029404147896438e-15
1.375243407108124414e+13 7.556469968720168934e-15
1.494461874268381445e+13 6.346334253493744989e-15
1.624015270386282422e+13 5.333826692469086455e-15
1.764799520053809375e+13 4.485776622829535115e-15
1.917788214664782031e+13 3.774792165316436125e-15
2.110240447604251953e+13 3.097223891364337259e-15
2.322005481446766406e+13 2.542898357123215048e-15
2.555021377771964844e+13 2.088978728892530903e-15
2.811420684849078516e+13 1.716969404960099889e-15
3.137645799451771875e+13 1.371614921465484375e-15
3.501724667486017188e+13 1.096319408567158354e-15
3.908049675021266406e+13 8.766998274908124905e-16
4.361522881637467969e+13 7.013752630280798932e-16
4.946561893136675781e+13 5.433146469563472366e-16
5.610075936010414844e+13 4.210586254171183719e-16
6.362591369062147656e+13 3.264377313457976409e-16
7.216046519053993750e+13 2.531653313055292822e-16
8.336238497995523438e+13 1.892334011930628788e-16
9.630324875532229688e+13 1.414935191066584269e-16
1.112530036546108281e+14 1.058279655341988877e-16
1.285235023962405781e+14 7.917212069749683531e-17
1.517036241394191875e+14 5.673757283499402770e-17
1.790644446186646562e+14 4.066990363758654646e-17
2.113599823899390938e+14 2.915837638497156641e-17
2.494802485831583438e+14 2.090873475484892913e-17
3.021983111975729375e+14 1.423708258840772445e-17
3.660563103064721250e+14 9.695795266987669758e-18
4.434082433619999375e+14 6.603936592398483441e-18
5.371055347108040000e+14 4.498517063367344315e-18
6.720758640986427500e+14 2.871715068633942778e-18
8.409631588453658750e+14 1.833393578394343504e-18
1.052290481348840875e+15 1.170587575517542842e-18
1.316722671487201000e+15 7.474448367198460844e-19
1.719675448376779500e+15 4.381014083050075414e-19
2.245942681620270250e+15 2.567991802578667110e-19
2.933261932584543500e+15 1.505326091310020639e-19
3.830919477848214000e+15 8.824321093690059925e-20
5.311531786174694000e+15 4.589938399574493234e-20
7.364386038046684000e+15 2.387502425195007008e-20
1.021064805797686400e+16 1.241906825605550702e-20
1.415696206380398800e+16 6.460113384369081441e-21
2.146584705794468400e+16 2.809769488580022217e-21
3.254812634506922800e+16 1.222097480167526143e-21
4.935190890510172800e+16 5.315499013954499733e-22
7.483106359969628800e+16 2.311980879074872430e-22
1.313958067738389120e+17 7.498628326625657560e-23
2.307177956216865920e+17 2.432096543903086491e-23
4.051171991214340480e+17 7.888248543387027899e-24
7.113449770178723840e+17 2.558472853182896985e-24
1.643921276645314560e+18 4.790482203085407769e-25
3.799109083664335872e+18 8.969690811938369849e-26
8.779757300197490688e+18 1.679481440297541661e-26
2.029005657716756480e+19 3.144663939187459997e-27
2.464897838250113434e+19 2.130804656650177728e-27
2.994432928219107328e+19 1.443821645830788924e-27
3.637728275168459162e+19 9.783278345628609882e-28
4.419223045289057485e+19 6.629136902085979636e-28
5.368606681627484160e+19 4.491926790519957749e-28
6.521946823376021094e+19 3.043781025711283020e-28
7.923059536566650470e+19 2.062545673998162935e-28
9.625173912025918669e+19 1.397690177004574654e-28
1.130157458089271951e+20 1.013921051544610811e-28
1.326995118995842335e+20 7.355788911032689437e-29
1.558115670728449720e+20 5.337121401814017304e-29
1.829490107850554409e+20 3.873209951428553274e-29
2.148129383204894147e+20 2.811736482545785085e-29
2.522265535728524329e+20 2.042182392417886468e-29
2.961564365007022326e+20 1.484469623803974174e-29
3.477375147002199409e+20 1.080511196756870176e-29
3.820694911077527060e+20 8.977112831630165630e-30
4.197910488929714176e+20 7.465448409983091378e-30
4.612368399783343555e+20 6.216106364071681603e-30
5.067745563277173719e+20 5.184361886291788447e-30
5.568081919766391685e+20 4.333158159573505326e-30
6.117816271180487721e+20 3.631826560555353943e-30
6.721825660474484326e+20 3.055038123238434811e-30
7.385468638975269274e+20 2.581837663109074546e-30
8.008813454700127191e+20 2.244206474644307405e-30
8.684769523453828792e+20 1.961178376491792741e-30
9.417777315218368758e+20 1.724924267875939343e-30
1.021265208242185437e+21 1.528811276221383319e-30
1.091565245344356631e+21 1.393758144496999590e-30
1.166704471304436580e+21 1.279354752603697937e-30
1.247015997593790710e+21 1.183282419634388930e-30
1.332855865818276168e+21 1.103527303401675248e-30
1.388378989250073592e+21 1.061945488933262426e-30
1.446215053874377523e+21 1.025487172939655346e-30
1.506460410483685458e+21 9.938279247413917741e-31
1.569215423581036216e+21 9.666714087351826086e-31
1.634584638579609174e+21 9.437482963136839776e-31
1.702676955967313674e+21 9.248144239336940328e-31
1.773605812728895898e+21 9.096484309509525918e-31
1.847489371323016151e+21 8.980490216151314116e-31
1.915191807407940960e+21 8.906339311203856730e-31
1.985375242800749347e+21 8.857383771538025655e-31
2.058130595316738032e+21 8.832608559975828787e-31
2.133552114512749920e+21 8.831086596203146746e-31
2.204601261959378633e+21 8.849203056225467810e-31
2.278016408023151149e+21 8.885322488425317624e-31
2.353876342523451408e+21 8.938938950934390596e-31
2.432262479047970783e+21 9.009591825208826210e-31
2.509643000880049422e+21 9.092684792194935864e-31
2.589485323282789433e+21 9.190656921250948804e-31
2.671867766509194969e+21 9.303233754073774467e-31
2.756871142509875560e+21 9.430169967682018736e-31
2.843358356480434635e+21 9.569222159817518249e-31
2.932558805053976609e+21 9.721869248276288571e-31
3.024557606500285022e+21 9.887975537251969482e-31
3.119442549377434911e+21 1.006742699178288315e-30
3.217899247824952361e+21 1.026132686249596500e-30
3.319463463500790104e+21 1.046858716272174392e-30
3.424233276712633238e+21 1.068917780496055572e-30
3.532309863409399103e+21 1.092308653456377012e-30
3.646366902648478106e+21 1.117608496600882392e-30
3.764106803445918859e+21 1.144306769662374643e-30
3.885648484100499571e+21 1.172410203662430187e-30
4.011114702737434477e+21 1.201927132785725089e-30
4.145379481485850968e+21 1.234010269975988342e-30
4.284138529819486323e+21 1.267636981118273826e-30
4.427542285252353851e+21 1.302824526734692314e-30
4.575746220911364145e+21 1.339591710260757245e-30
4.736240431067153039e+21 1.379803868459332793e-30
4.902363972535508271e+21 1.421798389527325036e-30
5.074314294010874692e+21 1.465605135401250012e-30
5.252295769682460279e+21 1.511255510023088718e-30
5.447034592733621649e+21 1.561503121919418695e-30
5.648993726839259136e+21 1.613887755324651099e-30
5.858440878718062690e+21 1.668455091817957651e-30
6.075653680827910324e+21 1.725252311713149425e-30
6.315356519803944698e+21 1.788119634239137922e-30
6.564516357815675126e+21 1.853625130209334417e-30
6.823506301965261865e+21 1.921834205674310982e-30
7.092714179548902588e+21 1.992813429163632285e-30
7.391499708145643553e+21 2.071632094669537117e-30
7.702871785395400475e+21 2.153765282821463912e-30
8.027360628432916447e+21 2.239300865554483536e-30
8.365518790159574761e+21 2.328326586703466773e-30
8.740848429318883246e+21 2.426947812181535278e-30
9.133017710058033644e+21 2.529725270893968241e-30
9.542782164309360247e+21 2.636765193173803050e-30
9.970931221904477913e+21 2.748169880670714945e-30
1.044125313290220234e+22 2.869969398420076580e-30
1.093375980227869750e+22 2.996801543731024186e-30
1.144949766970031473e+22 3.128767731008641915e-30
1.198956253467115939e+22 3.265956337944728554e-30
1.256881536076674708e+22 3.411880891942533946e-30
1.317605368137335282e+22 3.563420921731720544e-30
1.381262956224014870e+22 3.720618155913104710e-30
1.447996039158382880e+22 3.883484423772444116e-30
1.517388055980320122e+22 4.050646646435197021e-30
1.590105532173678700e+22 4.223316287725178634e-30
1.666307833045572806e+22 4.401398004047356055e-30
1.746161961132861109e+22 4.584743843581326164e-30
1.827291312127017694e+22 4.767461521980591461e-30
1.912190056647566033e+22 4.954703402083775222e-30
2.001033326473326363e+22 5.146166539379596266e-30
2.094004390273550280e+22 5.341472666645312460e-30
2.187708320378983023e+22 5.532943521388667167e-30
2.285605377565513902e+22 5.727080029186573919e-30
2.387883198731060773e+22 5.923319127985202819e-30
2.494737817275603301e+22 6.121004552896159354e-30
2.602931750489935367e+22 6.313392397244737148e-30
2.715817931163135325e+22 6.505663303908848576e-30
2.833599856715047423e+22 6.696951970434295565e-30
2.956489850015947371e+22 6.886290757471325444e-30
3.082610710319127645e+22 7.069653259736420317e-30
3.214111758687988718e+22 7.248985923280451001e-30
3.351222508488978806e+22 7.423086369096464323e-30
3.494182263898769457e+22 7.590656407110351176e-30
3.644187393217029525e+22 7.751275373132233140e-30
3.800632237787694760e+22 7.902393472014600563e-30
3.963793254373027899e+22 8.042455749281960581e-30
4.133958768019598056e+22 8.169849529973884868e-30
4.318873466410892473e+22 8.287235558847470303e-30
4.512059521048000856e+22 8.387232415841614408e-30
4.713886915148638899e+22 8.467988258056167882e-30
4.924742181511714623e+22 8.527704739634110108e-30
5.168048232811520537e+22 8.567109045321242472e-30
5.423374778264711909e+22 8.576818047590343941e-30
5.691315688344149348e+22 8.555050498735899562e-30
5.972494173592311195e+22 8.500397818467187381e-30
6.334205341335677829e+22 8.387905416896237860e-30
6.717822762157408571e+22 8.224377389517922245e-30
7.124673140804700393e+22 8.010411723778223277e-30
7.556163531026210593e+22 7.748047527219486503e-30
8.120604540382799200e+22 7.365844649069528982e-30
8.727208963983304504e+22 6.925178316228846940e-30
9.379126384284119387e+22 6.437796247756957751e-30
1.007974165571221292e+23 5.917710083240289516e-30
1.045811956424531006e+23 5.643867860231658876e-30
1.085070119412027223e+23 5.367376651153882838e-30
1.125801973106029195e+23 5.090243533713872196e-30
1.168062837576157259e+23 4.814416953991893216e-30
1.211910109521567526e+23 4.541751340241775472e-30
1.257403340224735813e+23 4.273976669399404388e-30
1.304604316431077144e+23 4.012680435264690270e-30
1.353577144264873759e+23 3.759287145611567115e-30
1.411832401678630472e+23 3.480811893338217743e-30
1.472594849044982462e+23 3.215832981327128277e-30
1.535972390813321658e+23 2.965547544227386923e-30
1.602077575424701933e+23 2.730804853107084464e-30
1.650114083153511155e+23 2.575767584274939870e-30
1.699590911944278378e+23 2.428702429047010519e-30
1.750551248216204656e+23 2.289580800027859713e-30
1.752613831211455705e+23 2.284197663875535690e-30
1.754678844440391828e+23 2.278826920745813767e-30
1.756746290766522415e+23 2.273468558223424969e-30
1.758816173056441849e+23 2.268122563549701270e-30
1.760888494180446912e+23 2.262788923623810141e-30
1.762963257012229421e+23 2.257467624987383356e-30
1.765040464428258159e+23 2.252158653818699848e-30
1.767120119309322043e+23 2.246861995922431012e-30
1.769433405166459615e+23 2.240992043965682604e-30
1.771749719278877629e+23 2.235137250895461789e-30
1.774069065611054374e+23 2.229297595542214991e-30
1.776391448132714035e+23 2.223473056099405642e-30
1.778534881938363164e+23 2.218117443029705788e-30
1.780680902059292602e+23 2.212774636632177774e-30
1.782829511616356113e+23 2.207444618277435379e-30
1.784980713733803171e+23 2.202127368793738378e-30
1.786945244700987558e+23 2.197288239541245764e-30
1.788911937810474541e+23 2.192459702917197577e-30
1.790880795441322336e+23 2.187641743062221883e-30
1.792851819976599588e+23 2.182834343637017790e-30
1.794203956203572880e+23 2.179545580943561800e-30
1.795557112187124019e+23 2.176261765376162194e-30
1.796911288696512855e+23 2.172982891226866848e-30
1.798266486500998230e+23 2.169708952647419678e-30
1.799073119813316379e+23 2.167763766996251516e-30
1.799880114950953364e+23 2.165820324400438926e-30
1.800687472075289899e+23 2.163878623542388608e-30
1.801495191348941496e+23 2.161938663072209781e-30
1.801881185482040987e+23 2.161012512803977169e-30
1.802267262319630683e+23 2.160086759257802260e-30
1.802653421878990780e+23 2.159161402276631023e-30
1.803039664178326573e+23 2.158236441699434297e-30
