3.403418248021088489e-07 7.325337328405088818e-09
3.894332030283709838e-07 8.381954174228308398e-09
4.456055899362908089e-07 9.590978903647905754e-09
5.098803600678425672e-07 1.097439504180187638e-08
5.834262124497433672e-07 1.255735704805329003e-08
7.835620897604197164e-07 1.686497575955227892e-08
1.052351669172064145e-06 2.265026042354332506e-08
1.413345604745904547e-06 3.042010285513549553e-08
1.898173259920761209e-06 4.085527673468328413e-08
2.549313991269657095e-06 5.487008525303616895e-08
3.423819080853383908e-06 7.369247001380619366e-08
4.598310423337489153e-06 9.897160012950134461e-08
6.175693940025068415e-06 1.329223681925730619e-07
7.289185886065897751e-06 1.568885795798774100e-07
8.603443013461939306e-06 1.851759544860448778e-07
1.015466375022996304e-05 2.185636087191713171e-07
1.198557318492718280e-05 2.579711344754801556e-07
1.414659983872512781e-05 3.044839285574616504e-07
1.669726461214152073e-05 3.593830873299678329e-07
1.970782016218363726e-05 4.241806918038978961e-07
2.326118586289075839e-05 5.006614547053220767e-07
2.595770657503176237e-05 5.586999395146762080e-07
2.896681771114620105e-05 6.234664551861547753e-07
3.232475588262717192e-05 6.957409393669098175e-07
3.607195837979709302e-05 7.763937428933391277e-07
4.025355012975862401e-05 8.663961108162980920e-07
4.491988710423597725e-05 9.668318784219297880e-07
5.012716272111861243e-05 1.078910523097959899e-06
5.593808454235385633e-05 1.203981729221461989e-06
6.149887712715191592e-05 1.323669286023260687e-06
6.761246687013559864e-05 1.455254956311495668e-06
7.433380721429151130e-05 1.599921528907663651e-06
8.172331451221403250e-05 1.758969373405868525e-06
8.859169042206308724e-05 1.906800661685991090e-06
9.603731393771786507e-05 2.067056321935875616e-06
1.041086994099832034e-04 2.240780551363822322e-06
1.128584385426227712e-04 2.429105305964337098e-06
1.210792268076312265e-04 2.606045202000193949e-06
1.298988303723879378e-04 2.795873681617812617e-06
1.393608678962169375e-04 2.999529569752426823e-06
1.495121352909939308e-04 3.218020076840092277e-06
1.591430879813997442e-04 3.425311605552804734e-06
1.693944267664243216e-04 3.645955996201070745e-06
1.803061143496674350e-04 3.880813384850501998e-06
1.919206876664354515e-04 4.130799313971379773e-06
2.030185876095301392e-04 4.369664638778743996e-06
2.147582286001460889e-04 4.622342458182139453e-06
2.271767196025219876e-04 4.889631485869011253e-06
2.403133154234350394e-04 5.172376621503166816e-06
2.529328956075619999e-04 5.443993786110433616e-06
2.662151681761638976e-04 5.729874390738573381e-06
2.801949331138760919e-04 6.030767451815262980e-06
2.949088178580075307e-04 6.347461318879558455e-06
3.091028734044183515e-04 6.652966657282471240e-06
3.239800933753602037e-04 6.973176064978471277e-06
3.395733586927586782e-04 7.308797253479895305e-06
3.559171328476468652e-04 7.660571996695361143e-06
3.717366906212591347e-04 8.001063783776905347e-06
3.882593851225900252e-04 8.356689513308607496e-06
4.055164688851832012e-04 8.728121848227225879e-06
4.235405835332732159e-04 9.116063349515336311e-06
4.410350548782687534e-04 9.492605088412538292e-06
4.592521406304225632e-04 9.884699996845295659e-06
4.782216885952847159e-04 1.029299050312466072e-05
4.979747794511985579e-04 1.071814557123603098e-05
5.183551347047398415e-04 1.115680154555646639e-05
5.395695861758897796e-04 1.161341016460788217e-05
5.616522704885960893e-04 1.208870616685133810e-05
5.846387213565285013e-04 1.258345436106010443e-05
6.085603237933124351e-04 1.309833026149341617e-05
6.334607239769944262e-04 1.363427328522425073e-05
6.593799712743408795e-04 1.419214543344216559e-05
6.863597537476625850e-04 1.477284397775364926e-05
7.144433012588932014e-04 1.537729937459087132e-05
7.436759336877005709e-04 1.600648706477853642e-05
7.741046677484897083e-04 1.666141901092605220e-05
8.057784439227408477e-04 1.734314858174245314e-05
8.387482046360323490e-04 1.805277223461715334e-05
8.730669777600255383e-04 1.879143131302155335e-05
9.087899603744399287e-04 1.956031384917402492e-05
9.459746080380874696e-04 2.036065648557956298e-05
9.846807343872724955e-04 2.119374661873155310e-05
1.024970586350856154e-03 2.206092401785389917e-05
1.066908964698767793e-03 2.296358341970216398e-05
1.110563321633800714e-03 2.390317662889791383e-05
1.156003881331402671e-03 2.488121511241890997e-05
1.203303717690560812e-03 2.589927167315324646e-05
1.252538906133121100e-03 2.695898371692639014e-05
1.303788634832589227e-03 2.806205564670554589e-05
1.357135351728475537e-03 2.921026202669880364e-05
1.412664839763408224e-03 3.040544920179274444e-05
1.470466410710362338e-03 3.164953946929241344e-05
1.530633030683061337e-03 3.294453378039691242e-05
1.593261501588209665e-03 3.429251564548838120e-05
1.658452523600448302e-03 3.569565247898852562e-05
1.726310947886182303e-03 3.715620103864951488e-05
1.796945915775097777e-03 3.867651042103199940e-05
1.870471086105816123e-03 4.025902695460615839e-05
1.947004666775669843e-03 4.190629487896015929e-05
2.026669752131095726e-03 4.362096360641212382e-05
2.109594473137777013e-03 4.540579095406446840e-05
2.195912287342787102e-03 4.726364938480557713e-05
2.285761948613493182e-03 4.919752535587919149e-05
2.379287968760444589e-03 5.121052925456236210e-05
2.476640772554028133e-03 5.330589873428102574e-05
2.577977075461283449e-03 5.548700684489026112e-05
2.683459739197120199e-03 5.775735892359875793e-05
2.793258419725953064e-03 6.012060654177425154e-05
2.907549714796024611e-03 6.258055068028336976e-05
3.026517667739428690e-03 6.514115257270709140e-05
3.150353421826595189e-03 6.780652626595030008e-05
3.279256152443576783e-03 7.058095868325801468e-05
3.413433184618609468e-03 7.346891215354676833e-05
3.553100682158341541e-03 7.647503924358077217e-05
3.698482956819347175e-03 7.960416788901035750e-05
3.849813840224383665e-03 8.286133092179110045e-05
4.007336731687553659e-03 8.625176709899882175e-05
4.171305565261778509e-03 8.978094191652433501e-05
4.341983537644013291e-03 9.345452022919213913e-05
4.519645167732911847e-03 9.727841057799292246e-05
4.704576206959347473e-03 1.012587632593354260e-04
4.897075030288221449e-03 1.054020002630719313e-04
5.097450396658261690e-03 1.097147670696817939e-04
5.306024593389100340e-03 1.142040003264575089e-04
5.523133094952532331e-03 1.188769205009355034e-04
5.749126609611622703e-03 1.237410759309816560e-04
5.984367243212860427e-03 1.288042602561621027e-04
6.229233365941532104e-03 1.340746171633354963e-04
6.484118830007908410e-03 1.395606235449196083e-04
6.749436041873510018e-03 1.452711556238255790e-04
7.025609504952019801e-03 1.512153499678677905e-04
7.313083435394950732e-03 1.574027674028732708e-04
7.612320225791332357e-03 1.638433599414296313e-04
7.923805135384025949e-03 1.705475717292731963e-04
8.248035547797960554e-03 1.775261078343621341e-04
8.585532990199868167e-03 1.847901929309325394e-04
8.936840329873792926e-03 1.923515109528939023e-04
9.302529033638517672e-03 2.002223613357201424e-04
9.683181440806126750e-03 2.084152774700237802e-04
1.007940985473428086e-02 2.169434376010584301e-04
1.049185163375526871e-02 2.258205591573630739e-04
1.092118055154111568e-02 2.350611432542370365e-04
1.136807770475873648e-02 2.446798485303964795e-04
1.183326198954039697e-02 2.546921470768058059e-04
1.231748171939912352e-02 2.651141440078247044e-04
1.282153255535089728e-02 2.759629633624033980e-04
1.334620994882343252e-02 2.872557245187190946e-04
1.389235797118421739e-02 2.990105931246909076e-04
1.446085523452264252e-02 3.112464780367449487e-04
1.505264337780364697e-02 3.239836444105143346e-04
1.566864953591586701e-02 3.372420449846107843e-04
1.630986479367134770e-02 3.510430085978846586e-04
1.697732079450156931e-02 3.654087366810457641e-04
1.767213522409605622e-02 3.803632821714104137e-04
1.839538565353654800e-02 3.959298342232950947e-04
1.914823585556806387e-02 4.121334368192720713e-04
1.993189723151177900e-02 4.290001584773221592e-04
2.074770171204997488e-02 4.465586612310115167e-04
2.159689673954252875e-02 4.648357880401213617e-04
2.248084897555683789e-02 4.838609470091755245e-04
2.340098101855415252e-02 5.036647492307503790e-04
2.435888859133032019e-02 5.242815308866332962e-04
2.535600763636714633e-02 5.457421882147395773e-04
2.639394325586237600e-02 5.680812569372143545e-04
2.747436625608189187e-02 5.913346853864277341e-04
2.859920195881027888e-02 6.155438980409640463e-04
2.977008987422263137e-02 6.407441663323368503e-04
3.098891543881671443e-02 6.669760525363599250e-04
3.225764128127851793e-02 6.942817778328583874e-04
3.357861200991427153e-02 7.227117817098852037e-04
3.495367732193249699e-02 7.523058494149105751e-04
3.638505242459378480e-02 7.831116293481105899e-04
3.787504323929006406e-02 8.151787182755702681e-04
3.942653922203640665e-02 8.485692671690176761e-04
4.104158997801915509e-02 8.833273476720265253e-04
4.272279893596355599e-02 9.195089451090457996e-04
4.447287617025486722e-02 9.571723335179732790e-04
4.629543653643553025e-02 9.963952514637599341e-04
4.819268796320572840e-02 1.037225152054705975e-03
5.016769139418209011e-02 1.079727837180612755e-03
5.222363321470553654e-02 1.123971797853430977e-03
5.436512006702631100e-02 1.170056077149330158e-03
5.659442091572141481e-02 1.218029399922312310e-03
5.891513666917271019e-02 1.267969140045789936e-03
6.133101589500678658e-02 1.319955831964863364e-03
6.384805959797873465e-02 1.374118460044671105e-03
6.646840354648302085e-02 1.430502815398659346e-03
6.919628721437015573e-02 1.489199934824750457e-03
7.203612406462361895e-02 1.550304571432985527e-03
7.499593153297377801e-02 1.613988992007599991e-03
7.807735104477642185e-02 1.680288241721194760e-03
8.128537937412214087e-02 1.749309524740932670e-03
8.462521860150418185e-02 1.821164417666101907e-03
8.810788410957248740e-02 1.896089511966837955e-03
9.173387520356837688e-02 1.974095104204561142e-03
9.550909030342806527e-02 2.055307588761773850e-03
9.943967057256720976e-02 2.139858508838077267e-03
1.035412099986977169e-01 2.228082653477778986e-03
1.078119236142175974e-01 2.319940896914525659e-03
1.122587892641787322e-01 2.415582511529117560e-03
1.168890726052819601e-01 2.515162840158543470e-03
1.217255469364558057e-01 2.619170573736958208e-03
1.267621382113491846e-01 2.727473883568512850e-03
1.320071265919268988e-01 2.840249486677855120e-03
1.374691348452555806e-01 2.957681269647808187e-03
1.431825002984464246e-01 3.080505682900102661e-03
1.491333193795995604e-01 3.208421821463823109e-03
1.553314609174928085e-01 3.341639621670085616e-03
1.617872039000823603e-01 3.480377509016156258e-03
1.685540682143978897e-01 3.625782643565267187e-03
1.756039614181421626e-01 3.777247993887922987e-03
1.829487213949201607e-01 3.935024237574804087e-03
1.906006811563249470e-01 4.099372141784916705e-03
1.986463191005589934e-01 4.272143923764281162e-03
2.070315795977816786e-01 4.452172986390613187e-03
2.157707987986724751e-01 4.639760971110394941e-03
2.248789180118169195e-01 4.835221580455517643e-03
2.345017213651101051e-01 5.041674301597617001e-03
2.445362945062960480e-01 5.256900916822797483e-03
2.550002574939633782e-01 5.481268811692488474e-03
2.659119843672504979e-01 5.715159923670488223e-03
2.775313517190102219e-01 5.964128121495405714e-03
2.896584423235375461e-01 6.223870915800396725e-03
3.023154418036631541e-01 6.494844894985179334e-03
3.155255052116198167e-01 6.777524486431756902e-03
3.297928834668187870e-01 7.082667531316803010e-03
3.447054015883912470e-01 7.401421109289353650e-03
3.602922314003666471e-01 7.734374221087901048e-03
3.765838638132103511e-01 8.082138418254378176e-03
3.947239234474752001e-01 8.469051707958087996e-03
4.137377904727712608e-01 8.874238746029548472e-03
4.336675562256764316e-01 9.298524989987988140e-03
4.545573395842146258e-01 9.742766560507057361e-03
4.803582718670399432e-01 1.029073057927187146e-02
5.076236796927966477e-01 1.086889120924093219e-02
5.364366875234719556e-01 1.147880082749694330e-02
5.668851380127418738e-01 1.212206733196878605e-02
5.964921937255597273e-01 1.274624408317774106e-02
6.276455551872577310e-01 1.340155034409126582e-02
6.604259822515620160e-01 1.408937177073447955e-02
6.949184526649345717e-01 1.481112272824867092e-02
7.244699544195345453e-01 1.542777785749404988e-02
7.552781378075027474e-01 1.606890660281848002e-02
7.873964433854456768e-01 1.673531894399482925e-02
8.208805842783611917e-01 1.742782643794564892e-02
8.514833700973607478e-01 1.805865759565997500e-02
8.832270411046172498e-01 1.871082370839701262e-02
9.161541299968527508e-01 1.938486937126846985e-02
9.503087551080051654e-01 2.008132885501644552e-02
9.826007654279135251e-01 2.073717372046263163e-02
1.015990075888413502e+00 2.141252289157399152e-02
1.050513973346907992e+00 2.210774942096335044e-02
1.086211011689080408e+00 2.282320731436915037e-02
1.120469810696698154e+00 2.350649046832950159e-02
1.155809122879503992e+00 2.420778190364700211e-02
1.192263027328285041e+00 2.492730910136079295e-02
1.229866677979959411e+00 2.566527263511632351e-02
1.266256850744099216e+00 2.637518311797009199e-02
1.303723761904421075e+00 2.710161915400372337e-02
1.342299270764221619e+00 2.784466832095588984e-02
1.382016179303760195e+00 2.860438369331063518e-02
1.420657957924125192e+00 2.933821136675591676e-02
1.460380177626053211e+00 3.008694161582355781e-02
1.501213048015590523e+00 3.085051926275411693e-02
1.543187623373193817e+00 3.162884712157404410e-02
1.584182053971472603e+00 3.238237793865408887e-02
1.626265492358300646e+00 3.314895268453742910e-02
1.669466867778018004e+00 3.392836634285298358e-02
1.713815877976902602e+00 3.472036448459053792e-02
1.757257159367463073e+00 3.548798887023452836e-02
1.801799577090045013e+00 3.626649279827747624e-02
1.847471042411320763e+00 3.705551224723872134e-02
1.894300174084901034e+00 3.785462661256835254e-02
1.940283523315668779e+00 3.862933904458649287e-02
1.987383099232706174e+00 3.941240430864551697e-02
2.035625997775556417e+00 4.020328958472735303e-02
2.085039972624574300e+00 4.100139878014680966e-02
2.133667993778915584e+00 4.177475146201350964e-02
2.183430134409059420e+00 4.255352049548464383e-02
2.234352844841045460e+00 4.333699514414303400e-02
2.286463192283528567e+00 4.412439556077850378e-02
2.337852065958552217e+00 4.488643341163140593e-02
2.390395918356721605e+00 4.565050214945397256e-02
2.444120707933933989e+00 4.641570609397720204e-02
2.499052976570268036e+00 4.718107598173321149e-02
2.553339181781944855e+00 4.792026732333722061e-02
2.608804630533210211e+00 4.865762530133119906e-02
2.665474939189204306e+00 4.939206606126853721e-02
2.723376280574453023e+00 5.012242974051701883e-02
2.780724309141199946e+00 5.082560258469567827e-02
2.839279955033993996e+00 5.152258158143954714e-02
2.899068647890011174e+00 5.221209742377310586e-02
2.960116352836732911e+00 5.289280529117355856e-02
3.020727742520423753e+00 5.354509898551500918e-02
3.082580211986018615e+00 5.418634194527962439e-02
3.145699173603545784e+00 5.481509084580707403e-02
3.210110560086637754e+00 5.542983133967088749e-02
3.274234438433697658e+00 5.601467699804308503e-02
3.339639229601885528e+00 5.658314330506349077e-02
3.406350520591112208e+00 5.713363659582196968e-02
3.474394409516975646e+00 5.766450194090778220e-02
3.542339489049135093e+00 5.816365408747219135e-02
3.611613299084922790e+00 5.864068742837159898e-02
3.682241824209669279e+00 5.909389831648880625e-02
3.754251557162951780e+00 5.952153827344333625e-02
3.826398968117501020e+00 5.991519823424953928e-02
3.899932873510926434e+00 6.028070317531567662e-02
3.974879918330315842e+00 6.061630189181153872e-02
4.051267259614311556e+00 6.092022284639830865e-02
4.128082418159366718e+00 6.118732870383015304e-02
4.206354051482840362e+00 6.142013879882361055e-02
4.286109775471995675e+00 6.161694492686320412e-02
4.367377729632466732e+00 6.177605216052417525e-02
4.449417090078823023e+00 6.189487173789540858e-02
4.532997525531186511e+00 6.197345599545371619e-02
4.618147984438420117e+00 6.201026412192787995e-02
4.704897959033279342e+00 6.200381139131872638e-02
4.792802439869761066e+00 6.195307526164677697e-02
4.882349293785486211e+00 6.185682970027719940e-02
4.973569206240738616e+00 6.171386209916612103e-02
5.066493436007994511e+00 6.152306603509622579e-02
5.160955079350987518e+00 6.128400531096932918e-02
5.257177901743506077e+00 6.099549179933859422e-02
5.355194739268324788e+00 6.065683187806473337e-02
5.455039040245848625e+00 6.026749015147299382e-02
5.556726121634467219e+00 5.982718798821019118e-02
5.660308746289578252e+00 5.933568463524904052e-02
5.765822248933685223e+00 5.879300096971470935e-02
5.873302622950586915e+00 5.819936004712438632e-02
5.982745698753719310e+00 5.755544388833085112e-02
6.094228135989083306e+00 5.686170130097543268e-02
6.207787936105411575e+00 5.611901502730750474e-02
6.323463808657328045e+00 5.532849197767567700e-02
6.440957863810797157e+00 5.449390428767890426e-02
6.560635034651431496e+00 5.361462848064810910e-02
6.682535884870303811e+00 5.269243705768081321e-02
6.806701731883453732e+00 5.172931462440052280e-02
6.929604023977760541e+00 5.075599099279288345e-02
7.054725448624345141e+00 4.974825807562935354e-02
7.182106074642691240e+00 4.870847701110919692e-02
7.311786694332056413e+00 4.763916082439340061e-02
7.439199537622418923e+00 4.658132408958792769e-02
7.568832636137377889e+00 4.550093375751056851e-02
7.700724679334750356e+00 4.440059106857719567e-02
7.834915030856245188e+00 4.328298110153087214e-02
7.970248229028293885e+00 4.216074265076670546e-02
8.107919049808753442e+00 4.102698350899627866e-02
8.247967871166341780e+00 3.988449770394328353e-02
8.390435768524730165e+00 3.873611612441060781e-02
8.539937156181609978e+00 3.754866876566318595e-02
8.692102370306713510e+00 3.636113581959433266e-02
8.846978875158287181e+00 3.517671095555663374e-02
9.004614980706399763e+00 3.399861883522391215e-02
9.164264375051880407e+00 3.283582140402351718e-02
9.326744310094483126e+00 3.168574615171313585e-02
9.492104970545200970e+00 3.055173203411996191e-02
9.660397430902374794e+00 2.943719614550526983e-02
9.791404379322329987e+00 2.859827070012278122e-02
9.924187944140765438e+00 2.777436677069708773e-02
1.005877221848568936e+01 2.696695744407795123e-02
1.019518162219789126e+01 2.617738600817771238e-02
1.033344090629746681e+01 2.540682065065963044e-02
1.047357515745035350e+01 2.465614314381707126e-02
1.061560980253226916e+01 2.392592720332165773e-02
1.075957061323371988e+01 2.321645069292316288e-02
1.097017183909204618e+01 2.223187884097004366e-02
1.118489524397886825e+01 2.128959706400910049e-02
1.140382151289539969e+01 2.038843667843550853e-02
1.162703291012130080e+01 1.952692711006025900e-02
1.185229980641452130e+01 1.871152742254074755e-02
1.208193111579065260e+01 1.793176195462723235e-02
1.231601139617501772e+01 1.718604153338510951e-02
1.255462684375928006e+01 1.647282094593261262e-02
1.291838207978584308e+01 1.546822249171817855e-02
1.329267668694863680e+01 1.452768599731493748e-02
1.367781603086664610e+01 1.364688219942321486e-02
1.407411432475699264e+01 1.282178834880367928e-02
1.477608498981305551e+01 1.153360428337938705e-02
1.551306764946002659e+01 1.037974223797893253e-02
1.628680858715474145e+01 9.345454625831492099e-03
1.709914118526596738e+01 8.417725989006469636e-03
1.838551952651466692e+01 7.208415120142484638e-03
1.976867285890581982e+01 6.177717299006553996e-03
2.125588162134121362e+01 5.298215896602665592e-03
2.285497396437198958e+01 4.546925112097146941e-03
2.483624866013629173e+01 3.818754882428305499e-03
2.698927806567031951e+01 3.209502668832729579e-03
2.932895142393859800e+01 2.699208818142961180e-03
3.187144871140396418e+01 2.271390922014325867e-03
3.506978491173233436e+01 1.863680415290123408e-03
3.858907779473722854e+01 1.530128280185890938e-03
4.246153572928997733e+01 1.256992998100535776e-03
4.672259923080707722e+01 1.033145282973687955e-03
5.214408786491519265e+01 8.253364807052701591e-04
5.819466262636648679e+01 6.596839887312869405e-04
6.494731995254790036e+01 5.275331573989388862e-04
7.248352647219763867e+01 4.220357931239489160e-04
8.220620633152022094e+01 3.269265969748069971e-04
9.323305154051691090e+01 2.533619594201155811e-04
1.057389981542520729e+02 1.964260990034241445e-04
1.199224475218368298e+02 1.523361843811403061e-04
1.385387581919916045e+02 1.138666741870241167e-04
1.600449950613202645e+02 8.514034170561626423e-05
1.848897794268357586e+02 6.367944768410152567e-05
2.135913748717964040e+02 4.763993045265892655e-05
2.521140884651194369e+02 3.414047773507783781e-05
2.975846456381192979e+02 2.447214200834488111e-05
3.512561390706878797e+02 1.754535574965869016e-05
4.146076655610422677e+02 1.258133116554990523e-05
5.022190616438775805e+02 8.566824008062089770e-06
6.083437592433937198e+02 5.834212954423440410e-06
7.368938331387081462e+02 3.973760930033798640e-06
8.926080247676761701e+02 2.706875073585031652e-06
1.116913289434124863e+03 1.727985873616988237e-06
1.397584674906624059e+03 1.103200745383336759e-06
1.748786536977985406e+03 7.043730822807874614e-07
2.188242620876806541e+03 4.497570574695783273e-07
2.857904091499558490e+03 2.636170464930134148e-07
3.732500097698511581e+03 1.545227660950023004e-07
4.874746154273503635e+03 9.057939798352481987e-08
6.366550421058856955e+03 5.309824209478539666e-08
8.827158891037865033e+03 2.761885676565323555e-08
1.223876808230417009e+04 1.436622494001739822e-08
1.696893032304346707e+04 7.472877356233485785e-09
2.352725326371285701e+04 3.887218753726833876e-09
3.567378495303302770e+04 1.690711602072665365e-09
5.409126677944956464e+04 7.353679356904155197e-10
8.201723326127367909e+04 3.198474426541106947e-10
1.243606769141819823e+05 1.391179209507855602e-10
2.183648165351746429e+05 4.512120287085844125e-11
3.834266126851802110e+05 1.463455938592263387e-11
6.732584930481124902e+05 4.746564935857876388e-12
1.182174067906805547e+06 1.539499860769836613e-12
2.732009314352005254e+06 2.882558114890873279e-13
6.313685180832201615e+06 5.397296961329318777e-14
1.459095338849656843e+07 1.010587796656506731e-14
3.371975552909085900e+07 1.892226329673288773e-15
4.096378548471307009e+07 1.282160749980083802e-15
4.976405359136919677e+07 8.687851504727604437e-16
6.045488717758186907e+07 5.886853805085542206e-16
7.344243725932160020e+07 3.988924613794207270e-16
8.922010845451940596e+07 2.702909534486829178e-16
1.083873037128170282e+08 1.831522448818185964e-16
1.316721959839673787e+08 1.241087539389502189e-16
1.599593919337432086e+08 8.410266422100237235e-17
1.878192554624648392e+08 6.101027477163341253e-17
2.205314254825160801e+08 4.426170084352894052e-17
2.589410202144596279e+08 3.211485181397398021e-17
3.040403507254414558e+08 2.330611471424645843e-17
3.569945572652385831e+08 1.691895193656472965e-17
4.191717106394091249e+08 1.228834421628783190e-17
4.921781562900137901e+08 8.932440992368419735e-18
5.779000141961121559e+08 6.501717752830644051e-18
6.349558359425750971e+08 5.401762984202274190e-18
6.976447546184052229e+08 4.492155065649924625e-18
7.665229234787557125e+08 3.740393363999763491e-18
8.422014045521994829e+08 3.119565795743112349e-18
9.253515897622184753e+08 2.607374307316995122e-18
1.016711157268236518e+09 2.185364787966919540e-18
1.117090615880432367e+09 1.838296138073540871e-18
1.227380495598294020e+09 1.553559076439650994e-18
1.330973281141440868e+09 1.350397582274715361e-18
1.443309455760240316e+09 1.180092192026902806e-18
1.565126974825381517e+09 1.037931931515274955e-18
1.697226078267537594e+09 9.199256282739709560e-19
1.814056706893716812e+09 8.386606356720127694e-19
1.938929514437790394e+09 7.698211302333578730e-19
2.072398094101219654e+09 7.120119011668529033e-19
2.215054146348812103e+09 6.640211670915645544e-19
2.307327232981728077e+09 6.390003045465350361e-19
2.403444163581655979e+09 6.170623846947630528e-19
2.503565062155924320e+09 5.980121891327230349e-19
2.607856723040143013e+09 5.816714049971627338e-19
2.716492888764830112e+09 5.678779702388437999e-19
2.829654539497062206e+09 5.564849652841241624e-19
2.947530194543280125e+09 5.473591916585332844e-19
3.070316226407602310e+09 5.403795244577289345e-19
3.182829938965532303e+09 5.359176710634060829e-19
3.299466788874582767e+09 5.329718885273241457e-19
3.420377871154789925e+09 5.314810994144713488e-19
3.545719817799927235e+09 5.313895188837956275e-19
3.663795382219328880e+09 5.324796335452550468e-19
3.785802965982729435e+09 5.346530340084874989e-19
3.911873508766797543e+09 5.378792764313844249e-19
4.042142310651317120e+09 5.421306441945078505e-19
4.170739895826479435e+09 5.471305647895974860e-19
4.303428712245299339e+09 5.530258033829410377e-19
4.440338919218777657e+09 5.597998451024394562e-19
4.581604816974616051e+09 5.674379282243076285e-19
4.725336683881343842e+09 5.758050613821218742e-19
4.873577636662608147e+09 5.849902349178442447e-19
5.026469132156503677e+09 5.949852836608052682e-19
5.184157064915135384e+09 6.057833458298681562e-19
5.347780847294710159e+09 6.174508068933973400e-19
5.516568968218283653e+09 6.299221998551694141e-19
5.690684425949797630e+09 6.431957142718377990e-19
5.870295363355191231e+09 6.572706127492247703e-19
6.059845129512154579e+09 6.724941883873284365e-19
6.255515390746257782e+09 6.885592357884876344e-19
6.457503775681526184e+09 7.054698051839828487e-19
6.666014294294752121e+09 7.232309114701542603e-19
6.889147014420271873e+09 7.425361720970250888e-19
7.119748697045675278e+09 7.627702414393255403e-19
7.358069352129076004e+09 7.839435056034992123e-19
7.604367358241809845e+09 8.060672791072353107e-19
7.871090396184329987e+09 8.302639837433412561e-19
8.147168739516465187e+09 8.555331826159580525e-19
8.432930525406336784e+09 8.818928444313207143e-19
8.728715400402997971e+09 9.093618657605799683e-19
9.052349071917615891e+09 9.395971646898536163e-19
9.387982075354988098e+09 9.711183652112918286e-19
9.736059308691295624e+09 1.003952955122815557e-18
1.009704216534705162e+10 1.038129324050076829e-18
1.049540089338511848e+10 1.075958232086105392e-18
1.090947607318909073e+10 1.115374597907739436e-18
1.133988776612859344e+10 1.156417778041909834e-18
1.178728049685369301e+10 1.199127828509484522e-18
1.228382790378649139e+10 1.246555075752482892e-18
1.280129271634211349e+10 1.295976757740302302e-18
1.334055609481170654e+10 1.347445749308663042e-18
1.390253631897830963e+10 1.401014848212053547e-18
1.452629129113130188e+10 1.460357812396158320e-18
1.517803182335950470e+10 1.522201690544494188e-18
1.585901352340141296e+10 1.586610404219768692e-18
1.657054833343068123e+10 1.653645510993419724e-18
1.735216960681167221e+10 1.726935458308553860e-18
1.817065941361242294e+10 1.803253668917835999e-18
1.902775681698394775e+10 1.882661166514487218e-18
1.992528291048735428e+10 1.965211130261245705e-18
2.088793491745405197e+10 2.053017741256958269e-18
2.189709561845436859e+10 2.144203330531933700e-18
2.295501199226570511e+10 2.238793007273891050e-18
2.406403957614224243e+10 2.336793889472671993e-18
2.521725560292225266e+10 2.437379759748813646e-18
2.642573696452268982e+10 2.541279587489569816e-18
2.769213213024440002e+10 2.648436001966502211e-18
2.901921649141967773e+10 2.758759976709531376e-18
3.036749360013666916e+10 2.868705970510446648e-18
3.177841372205545425e+10 2.981374294503222846e-18
3.325488734722062302e+10 3.096582659072257159e-18
3.479996019149787140e+10 3.214103450961453613e-18
3.635721243633675385e+10 3.329316459320000531e-18
3.798414966186521149e+10 3.446133460662579977e-18
3.968389017891790771e+10 3.564215645862335053e-18
4.145969183859923553e+10 3.683168123215389533e-18
4.325775137768572235e+10 3.798932908141669607e-18
4.513379070780594635e+10 3.914627328612555447e-18
4.709119172354548645e+10 4.029730709567491505e-18
4.913348298839144135e+10 4.143660797166119141e-18
5.122946757097142029e+10 4.253994798309160553e-18
5.341486473137506866e+10 4.361903940363982413e-18
5.569348871949266815e+10 4.466664720514639785e-18
5.806931649729264069e+10 4.567495983926577134e-18
6.056223033885054016e+10 4.664144605982527704e-18
6.316216488937600708e+10 4.755076308423607049e-18
6.587371454435651398e+10 4.839355434576521089e-18
6.870167093660306549e+10 4.916011595846386250e-18
7.177474192572322083e+10 4.986645831766609681e-18
7.498527340414369202e+10 5.046816549321181180e-18
7.833941407017086792e+10 5.095409446326513993e-18
8.184358765723968506e+10 5.131342411165494326e-18
8.588705620912638855e+10 5.155053009870344209e-18
9.013029163827607727e+10 5.160895169822481416e-18
9.458316339334439087e+10 5.147797067808607160e-18
9.925602852141770935e+10 5.114911124320987776e-18
1.052672548095559998e+11 5.047221511612886770e-18
1.116425379920412903e+11 4.948822431447666861e-18
1.184039263857743225e+11 4.820073708471771552e-18
1.255748036162470093e+11 4.662202326889326208e-18
1.349551682168638000e+11 4.432220884262064243e-18
1.450362405829663391e+11 4.167060455762614823e-18
1.558703631760181580e+11 3.873789950421610911e-18
1.675137884087933655e+11 3.560840537311503637e-18
1.738019968841222229e+11 3.396062527777333014e-18
1.803262549778587646e+11 3.229690554219053910e-18
1.870954236274622803e+11 3.062932327653220471e-18
1.941186963963728638e+11 2.896960278917063336e-18
2.014056119601302185e+11 2.732890265868924011e-18
2.089660670614018555e+11 2.571763260762471982e-18
2.168103299512515564e+11 2.414534500031385193e-18
2.249490543350078125e+11 2.262061147165558538e-18
2.346304124465796814e+11 2.094495323057117478e-18
2.447284368791397400e+11 1.935050598974734406e-18
2.552610601191754456e+11 1.784447322067412554e-18
2.662469864315225220e+11 1.643196520892463407e-18
2.742301051129631348e+11 1.549906551649955981e-18
2.824525886966547852e+11 1.461413611138264511e-18
2.909216142719866333e+11 1.377700497575771449e-18
2.912643919970945435e+11 1.374461324118567203e-18
2.916075735992711792e+11 1.371229607866369516e-18
2.919511595543989868e+11 1.368005341348587613e-18
2.922951503388732910e+11 1.364788516887997700e-18
2.926395464297045898e+11 1.361579126601487327e-18
2.929843483044675903e+11 1.358377162390804960e-18
2.933295564411986084e+11 1.355182615939060758e-18
2.936751713186517334e+11 1.351995478704555121e-18
2.940596129946762695e+11 1.348463375477859770e-18
2.944445579321251221e+11 1.344940393748650478e-18
2.948300067898493652e+11 1.341426520778654801e-18
2.952159602275717773e+11 1.337921743446310574e-18
2.955721744335026245e+11 1.334699131345938740e-18
2.959288184554797363e+11 1.331484225354310905e-18
2.962858928121534424e+11 1.328277014261639652e-18
2.966433980227382202e+11 1.325077486531788539e-18
2.969698806212014160e+11 1.322165656218173279e-18
2.972967225430089722e+11 1.319260199765431862e-18
2.976239241835330811e+11 1.316361107630566201e-18
2.979514859388126831e+11 1.313468369981792907e-18
2.981761955291588745e+11 1.311489435672452111e-18
2.984010745913958130e+11 1.309513478177919313e-18
2.986261232533656006e+11 1.307540494063570588e-18
2.988513416429102783e+11 1.305570479810358107e-18
2.989853948821881104e+11 1.304400010858373929e-18
2.991195082526993408e+11 1.303230590748269631e-18
2.992536817812637329e+11 1.302062218687215351e-18
2.993879154949061279e+11 1.300894893862946091e-18
2.994520633091533203e+11 1.300337605085297980e-18
2.995162248679417725e+11 1.299780555025661718e-18
2.995804001741432495e+11 1.299223743589533656e-18
2.996445892307832031e+11 1.298667170680018334e-18
