2.047925547637392592e+05 1.000000000000000000e+00
2.343321177301035787e+05 1.000000000000000000e+00
2.681325083483853959e+05 1.000000000000000000e+00
3.068083143259380013e+05 1.000000000000000000e+00
3.510627723559608567e+05 1.000000000000000000e+00
4.714897508449170855e+05 1.000000000000000000e+00
6.332274529142648680e+05 1.000000000000000000e+00
8.504469214981489349e+05 1.000000000000000000e+00
1.142180369719223818e+06 1.000000000000000000e+00
1.533988734621790238e+06 1.000000000000000000e+00
2.060201260966082104e+06 1.000000000000000000e+00
2.766923341671466362e+06 1.000000000000000000e+00
3.716076154178391211e+06 1.000000000001000089e+00
4.386093306701856665e+06 1.000000000001000089e+00
5.176916106375054456e+06 1.000000000001000089e+00
6.110326091674177907e+06 1.000000000001999956e+00
7.212032062989031896e+06 1.000000000001999956e+00
8.512378177079308778e+06 1.000000000003000045e+00
1.004717971255776659e+07 1.000000000005000000e+00
1.185870952588519268e+07 1.000000000006999956e+00
1.399686236760770902e+07 1.000000000008999912e+00
1.561942922648197599e+07 1.000000000011999957e+00
1.743008989826748893e+07 1.000000000013999912e+00
1.945064889737410098e+07 1.000000000018000046e+00
2.170543839631004259e+07 1.000000000021999957e+00
2.422161124092449993e+07 1.000000000028000047e+00
2.702946793308205530e+07 1.000000000035000003e+00
3.016282151829123124e+07 1.000000000043000048e+00
3.365940477248007059e+07 1.000000000053999916e+00
3.700547873977518827e+07 1.000000000065000005e+00
4.068418517842992395e+07 1.000000000078999918e+00
4.472859100870550424e+07 1.000000000095000008e+00
4.917505032608962059e+07 1.000000000115000010e+00
5.330793129208188504e+07 1.000000000136000100e+00
5.778815720162595809e+07 1.000000000158999924e+00
6.264492040523532033e+07 1.000000000186999971e+00
6.790986670306812227e+07 1.000000000220000018e+00
7.285652946466596425e+07 1.000000000253000065e+00
7.816351501391521096e+07 1.000000000290999891e+00
8.385706983604736626e+07 1.000000000335000028e+00
8.996535225204193592e+07 1.000000000385999899e+00
9.576054773653383553e+07 1.000000000436999992e+00
1.019290457186859995e+08 1.000000000495000041e+00
1.084948927997946739e+08 1.000000000560999913e+00
1.154836845635301471e+08 1.000000000635999919e+00
1.221615804794382602e+08 1.000000000712000015e+00
1.292256287252724916e+08 1.000000000795999933e+00
1.366981587329076529e+08 1.000000000890999940e+00
1.446027911436544061e+08 1.000000000997000038e+00
1.521963217579299510e+08 1.000000001105000091e+00
1.601886116681516171e+08 1.000000001224000012e+00
1.686006009329305887e+08 1.000000001355999979e+00
1.774543292368261218e+08 1.000000001502000080e+00
1.859952627512364388e+08 1.000000001649999914e+00
1.949472741221657097e+08 1.000000001812000106e+00
2.043301486581285894e+08 1.000000001991000032e+00
2.141646239407573938e+08 1.000000002186999914e+00
2.236836645511036515e+08 1.000000002386000064e+00
2.336258008738309741e+08 1.000000002603000038e+00
2.440098383736833930e+08 1.000000002838999924e+00
2.548554183675120473e+08 1.000000003096999990e+00
2.653822981686232984e+08 1.000000003358999967e+00
2.763439939099648595e+08 1.000000003642000035e+00
2.877584657948007584e+08 1.000000003949000016e+00
2.996444158781176209e+08 1.000000004282000088e+00
3.119078073134551644e+08 1.000000004639000073e+00
3.246730962026896477e+08 1.000000005026999927e+00
3.379608234430010915e+08 1.000000005446999962e+00
3.517923705969019532e+08 1.000000005902000000e+00
3.661866228458577394e+08 1.000000006395000085e+00
3.811698432338331938e+08 1.000000006927999952e+00
3.967661305096127391e+08 1.000000007506999911e+00
4.130005694678400159e+08 1.000000008133999918e+00
4.298991726442137957e+08 1.000000008813000107e+00
4.474892101926276684e+08 1.000000009549000035e+00
4.657989732967032790e+08 1.000000010346999924e+00
4.848579107208983302e+08 1.000000011210999906e+00
5.046966758516607285e+08 1.000000012147000072e+00
5.253471769427513480e+08 1.000000013161000068e+00
5.468426275170094967e+08 1.000000014260000070e+00
5.692176000830633640e+08 1.000000015451000035e+00
5.925080860662852526e+08 1.000000016740999920e+00
6.167515410676584244e+08 1.000000018139000080e+00
6.419869574009609222e+08 1.000000019653999983e+00
6.682549228162951469e+08 1.000000021294999986e+00
6.955976930320246220e+08 1.000000023074000044e+00
7.240592385195094347e+08 1.000000025000999937e+00
7.536853358447170258e+08 1.000000027088000065e+00
7.845236345974937677e+08 1.000000029349999986e+00
8.166237458539308310e+08 1.000000031801000056e+00
8.500372874484984875e+08 1.000000034456999920e+00
8.848180006049466133e+08 1.000000037333999892e+00
9.210218254591867924e+08 1.000000040451999972e+00
9.587070102438350916e+08 1.000000043830000074e+00
9.979341488810219765e+08 1.000000047489999933e+00
1.038766333052913189e+09 1.000000051455999905e+00
1.081269235944841385e+09 1.000000055752999994e+00
1.125511249045117855e+09 1.000000060409000024e+00
1.171563501129355192e+09 1.000000065453999998e+00
1.219500061277069092e+09 1.000000070919000006e+00
1.269398029232970476e+09 1.000000076842000096e+00
1.321337709884751081e+09 1.000000083258999917e+00
1.375402595054193497e+09 1.000000090211000003e+00
1.431679641267704964e+09 1.000000097745000094e+00
1.490259363033883572e+09 1.000000105907000059e+00
1.551236060137613535e+09 1.000000114751000035e+00
1.614707730721465349e+09 1.000000124333999985e+00
1.680776461205183268e+09 1.000000134717000000e+00
1.749548515060937643e+09 1.000000145967000043e+00
1.821134635962940454e+09 1.000000158156000074e+00
1.895649839803523064e+09 1.000000171363000012e+00
1.973213975608527422e+09 1.000000185673999953e+00
2.053951796256103277e+09 1.000000201178999903e+00
2.137993373147956371e+09 1.000000217978999961e+00
2.225473680519824505e+09 1.000000236181999957e+00
2.316533420959280968e+09 1.000000255905000079e+00
2.411319054183381557e+09 1.000000277275000071e+00
2.509983378936357975e+09 1.000000300429999989e+00
2.612684767536999226e+09 1.000000325518000110e+00
2.719588405168228626e+09 1.000000352702000050e+00
2.830866235920637131e+09 1.000000382155999956e+00
2.946697799794562817e+09 1.000000414068999977e+00
3.067268885098288536e+09 1.000000448646999995e+00
3.192773420519814968e+09 1.000000486113999942e+00
3.323413269800622463e+09 1.000000526708000104e+00
3.459399463251815796e+09 1.000000570692999968e+00
3.600949889407783508e+09 1.000000618352000048e+00
3.748292223479870319e+09 1.000000669989999924e+00
3.901663456617746353e+09 1.000000725940999979e+00
4.061311744548099518e+09 1.000000786563999933e+00
4.227492522049315929e+09 1.000000852249999905e+00
4.400473085568397522e+09 1.000000923421999977e+00
4.580531668788983345e+09 1.000001000536999918e+00
4.767960264856864929e+09 1.000001084093000037e+00
4.963058162474822044e+09 1.000001174626999889e+00
5.166139178144589424e+09 1.000001272722000012e+00
5.377529969273209572e+09 1.000001379008000013e+00
5.597574402353872299e+09 1.000001494172999994e+00
5.826622886142628670e+09 1.000001618955999927e+00
6.065043859543451309e+09 1.000001754159000056e+00
6.313220837692174911e+09 1.000001900653999964e+00
6.571559247784551620e+09 1.000002059387000042e+00
6.840468923453398705e+09 1.000002231375999973e+00
7.120382443255943298e+09 1.000002417728999893e+00
7.411750086954849243e+09 1.000002619645000035e+00
7.715050624540503502e+09 1.000002838431000018e+00
8.030762699888565063e+09 1.000003075490000004e+00
8.359394212760843277e+09 1.000003332346999896e+00
8.701473846972608566e+09 1.000003610657000053e+00
9.057568211254384995e+09 1.000003912224000091e+00
9.428235186855604172e+09 1.000004238977999949e+00
9.814071135362926483e+09 1.000004593024000021e+00
1.021569682354241371e+10 1.000004976639000009e+00
1.063378479203145027e+10 1.000005392320999942e+00
1.106898344346141052e+10 1.000005842723999949e+00
1.152199305025328255e+10 1.000006330746999961e+00
1.199354254418485069e+10 1.000006859533000059e+00
1.248443338269482613e+10 1.000007432537000085e+00
1.299541618439421272e+10 1.000008053406999942e+00
1.352731330520135498e+10 1.000008726139000048e+00
1.408098075972289276e+10 1.000009455067000008e+00
1.465737873599403763e+10 1.000010244982000085e+00
1.525737127806671524e+10 1.000011100889000026e+00
1.588192421780694962e+10 1.000012028301000111e+00
1.653204292293263054e+10 1.000013033192000078e+00
1.720888590978901672e+10 1.000014122217999901e+00
1.791343971441972733e+10 1.000015302240000015e+00
1.864683885315242004e+10 1.000016580862000071e+00
1.941026429086817932e+10 1.000017966319999951e+00
2.020512683955060959e+10 1.000019467892999891e+00
2.103253951026467514e+10 1.000021094961000001e+00
2.189383525100902176e+10 1.000022858012000082e+00
2.279040159484166336e+10 1.000024768410999965e+00
2.372397720282651138e+10 1.000026839138000057e+00
2.469579537587394714e+10 1.000029082980999906e+00
2.570742266496575546e+10 1.000031514413000089e+00
2.676048979255952072e+10 1.000034149116999949e+00
2.785717191153886795e+10 1.000037005352000019e+00
2.899879759020277023e+10 1.000040100477000093e+00
3.018720867817873383e+10 1.000043454470000093e+00
3.142432250665227890e+10 1.000047088981000032e+00
3.271291101244268799e+10 1.000051029890999921e+00
3.405433949072830200e+10 1.000055300606000008e+00
3.545077470202238464e+10 1.000059928723999958e+00
3.690447225725785828e+10 1.000064944153000068e+00
3.841904311754906464e+10 1.000070383928000073e+00
3.999577243045651245e+10 1.000076279319999983e+00
4.163721119799474335e+10 1.000082668482999981e+00
4.334601511597859192e+10 1.000089592771000069e+00
4.512700848464454651e+10 1.000097105857999935e+00
4.698117899245040131e+10 1.000105248934000102e+00
4.891153332872147369e+10 1.000114074814999920e+00
5.092120172100154114e+10 1.000123640745999909e+00
5.301681241239854431e+10 1.000134025801999949e+00
5.519866584790196228e+10 1.000145283051000034e+00
5.747031126066441345e+10 1.000157485728000006e+00
5.983544394892272186e+10 1.000170713214999951e+00
6.230344722189648438e+10 1.000185084443000028e+00
6.487324701801364899e+10 1.000200665321999915e+00
6.754904208867877197e+10 1.000217557640999955e+00
7.033520436907398987e+10 1.000235871747999994e+00
7.324543714727058411e+10 1.000255791168999986e+00
7.627608551112040710e+10 1.000277392466000004e+00
7.943213185008914185e+10 1.000300817587999935e+00
8.271876470807011414e+10 1.000326220455000081e+00
8.615664575057249451e+10 1.000353893273000061e+00
8.973740883567013550e+10 1.000383912908000106e+00
9.346699229509497070e+10 1.000416478276000110e+00
9.735158126405676270e+10 1.000451805126999938e+00
1.014233800547990570e+11 1.000490376472999987e+00
1.056654847119207306e+11 1.000532239496999987e+00
1.100850183988115845e+11 1.000577674894000069e+00
1.146894022102887268e+11 1.000626987251999944e+00
1.195306724545844879e+11 1.000681011590000002e+00
1.245763024490295715e+11 1.000739688531000038e+00
1.298349186294869232e+11 1.000803418328999994e+00
1.353155115711188049e+11 1.000872635584999948e+00
1.411058033868714905e+11 1.000948864948999928e+00
1.471438678261802673e+11 1.001031748548000033e+00
1.534403073379670105e+11 1.001121866377000069e+00
1.600061780609201660e+11 1.001219848799999923e+00
1.669978545205761414e+11 1.001328682632000033e+00
1.742950413068212280e+11 1.001447216672000096e+00
1.819110880876874695e+11 1.001576313658999906e+00
1.898599278621684265e+11 1.001716912672000026e+00
1.984449815632870483e+11 1.001875485066000104e+00
2.074182327523030090e+11 1.002048681942000030e+00
2.167972348767644348e+11 1.002237847998000086e+00
2.266003351129400940e+11 1.002444450654000008e+00
2.375156822297034302e+11 1.002685167312000081e+00
2.489568220493906250e+11 1.002949539028000103e+00
2.609490820272922058e+11 1.003239880189999989e+00
2.735190096432810974e+11 1.003558729120000104e+00
2.890441036882410889e+11 1.003973023978000034e+00
3.054504108723746338e+11 1.004435397086999915e+00
3.227879493529964600e+11 1.004951390470000039e+00
3.411095763464478760e+11 1.005527173558000031e+00
3.589249141527425537e+11 1.006117026527000080e+00
3.776707044679028320e+11 1.006769519494999932e+00
3.973955426027651978e+11 1.007491234875999897e+00
4.181505618842611084e+11 1.008289427678999983e+00
4.359324714246137695e+11 1.009004806839000068e+00
4.544705590878632812e+11 1.009781477508999936e+00
4.737969814510679932e+11 1.010624609074999958e+00
4.939452625549738770e+11 1.011539789538999923e+00
5.123597571425976562e+11 1.012408400728999958e+00
5.314607521112166748e+11 1.013341734156999907e+00
5.512738404940344238e+11 1.014344506118999956e+00
5.718255694435329590e+11 1.015421757214000076e+00
5.912565144815584717e+11 1.016474825068000021e+00
6.113477336403594971e+11 1.017598818948000083e+00
6.321216633947686768e+11 1.018798370742999948e+00
6.536015026235889893e+11 1.020078390909999966e+00
6.742159157242618408e+11 1.021344562249999921e+00
6.954805017906914062e+11 1.022689128092999944e+00
7.174157671008540039e+11 1.024116741809000031e+00
7.400428646956831055e+11 1.025632302363000070e+00
7.619397809885754395e+11 1.027140126638000028e+00
7.844845988642209473e+11 1.028734527302000101e+00
8.076964888965531006e+11 1.030420198547000066e+00
8.315951888928266602e+11 1.032202049272999966e+00
8.548469551689248047e+11 1.033980305278999978e+00
8.787488510301646729e+11 1.035853696241000099e+00
9.033190543846075439e+11 1.037826930603999998e+00
9.285762514029431152e+11 1.039904897725000055e+00
9.532436697497412109e+11 1.041982233201999897e+00
9.785663724927615967e+11 1.044163333962000006e+00
1.004561767113024902e+12 1.046452860970999987e+00
1.031247723519216309e+12 1.048855616093999910e+00
1.057387475820762573e+12 1.051259851488999919e+00
1.084189810579545532e+12 1.053776218072000059e+00
1.111671522732866699e+12 1.056409233991000063e+00
1.139849832931374512e+12 1.059163509390999902e+00
1.167519213769411865e+12 1.061920665836999955e+00
1.195860257324511963e+12 1.064797653936000010e+00
1.224889267930371826e+12 1.067798717864000047e+00
1.254622945700494873e+12 1.070928133590999920e+00
1.283883694628702881e+12 1.074061170006999966e+00
1.313826872832219727e+12 1.077320581831999968e+00
1.344468396162254883e+12 1.080710168286000084e+00
1.375824551664380615e+12 1.084233686691999932e+00
1.406746577578939941e+12 1.087760899969000050e+00
1.438363584322106689e+12 1.091419270565999966e+00
1.470691191773994141e+12 1.095211937153000026e+00
1.503745370876265625e+12 1.099141907546999919e+00
1.536410796761527100e+12 1.103074928475000105e+00
1.569785804248466309e+12 1.107141383986000038e+00
1.603885807372263184e+12 1.111343487492999937e+00
1.638726555004227539e+12 1.115683216344999895e+00
1.673234359878567627e+12 1.120024513441999936e+00
1.708468819602107910e+12 1.124498113605000071e+00
1.744445235850941650e+12 1.129104988299999945e+00
1.781179232519647949e+12 1.133845751840000027e+00
1.817650686912069580e+12 1.138585533827999985e+00
1.854868931386343262e+12 1.143451991905999998e+00
1.892849257228468994e+12 1.148444487754999965e+00
1.931607268828767822e+12 1.153561891680999985e+00
1.970192279283152100e+12 1.158674278624000076e+00
2.009548048398247559e+12 1.163901936740000087e+00
2.049689972539409668e+12 1.169242206794000039e+00
2.090633755623637207e+12 1.174691797269999949e+00
2.131518082517949951e+12 1.180130117915999977e+00
2.173201941219994141e+12 1.185665054370000027e+00
2.215700967332644043e+12 1.191291492119000095e+00
2.259031102228441895e+12 1.197003548729000055e+00
2.302444081569322266e+12 1.202694637430000046e+00
2.346691350784708496e+12 1.208454819893999943e+00
2.391788942858440918e+12 1.214276108848999947e+00
2.437753198889139160e+12 1.220149638464999908e+00
2.483974883726641602e+12 1.225987099678000014e+00
2.531072967434587402e+12 1.231855632949000023e+00
2.579064067212781738e+12 1.237744049285000036e+00
2.627965115335863281e+12 1.243640225267000021e+00
2.677330338745479492e+12 1.249476925626000101e+00
2.727622867189516113e+12 1.255294806540999897e+00
2.778860119704855957e+12 1.261079354745000103e+00
2.831059842537336426e+12 1.266815162407000095e+00
2.883954261893965820e+12 1.272455954798999977e+00
2.937836939978328613e+12 1.278015607094999950e+00
2.992726341032395020e+12 1.283476543202000109e+00
3.048641274275037598e+12 1.288820477395999919e+00
3.105481309373987793e+12 1.294017809489999893e+00
3.163381091852380859e+12 1.299060459771999909e+00
3.222360380037844238e+12 1.303928667250999984e+00
3.282439300657359375e+12 1.308602336979000080e+00
3.343627070324375488e+12 1.313060375754000031e+00
3.405955437825454590e+12 1.317283330940999919e+00
3.469445664984932617e+12 1.321250974607999895e+00
3.534119409960831055e+12 1.324943325381999992e+00
3.599974163804139160e+12 1.328339626303999932e+00
3.667056054623738770e+12 1.331422393830000050e+00
3.735387948882708008e+12 1.334173528158999922e+00
3.804993139129913086e+12 1.336575902517000092e+00
3.875692377280914551e+12 1.338608308438000050e+00
3.947705253093638184e+12 1.340263618552000047e+00
4.021056174799221191e+12 1.341528927109999936e+00
4.095770004164776855e+12 1.342393019033000012e+00
4.169723519572256348e+12 1.342839502151000008e+00
4.245012344928797852e+12 1.342891318838000059e+00
4.321660590688394531e+12 1.342543661599000071e+00
4.399692802641691406e+12 1.341793738286999993e+00
4.476360434374338867e+12 1.340687488991000098e+00
4.554364051597270508e+12 1.339207018351000089e+00
4.633726934766580078e+12 1.337355633589000004e+00
4.714472770012395508e+12 1.335138628768000046e+00
4.795906285902240234e+12 1.332587179931000065e+00
4.878746410299071289e+12 1.329692680980000041e+00
4.963017439680040039e+12 1.326466257959999950e+00
5.048744090199137695e+12 1.322921051021999972e+00
5.138702975319351562e+12 1.318947134959000067e+00
5.230264754318951172e+12 1.314669141918000106e+00
5.323457987680365234e+12 1.310108539048999932e+00
5.418311744772885742e+12 1.305289410644000059e+00
5.514376950257123047e+12 1.300263850237000085e+00
5.612145365921487305e+12 1.295038000391999899e+00
5.711647189215795898e+12 1.289644708681999985e+00
5.812913152998121094e+12 1.284120390792000022e+00
5.891743451549654297e+12 1.279822010276000066e+00
5.971642786536223633e+12 1.275488905478000090e+00
6.052625655421489258e+12 1.271140269125000000e+00
6.134706752260712891e+12 1.266794839347000101e+00
6.217900970388388672e+12 1.262470263255000003e+00
6.302223405105866211e+12 1.258181738066999955e+00
6.387689356427598633e+12 1.253941540540999933e+00
6.474314331852089844e+12 1.249758942389000094e+00
6.601038583580419922e+12 1.243853766059999977e+00
6.730243257968910156e+12 1.238092090262999934e+00
6.861976905287687500e+12 1.232478829933000064e+00
6.996289026099917969e+12 1.227014720422000105e+00
7.131837994324469727e+12 1.221750408267999966e+00
7.270013143759083984e+12 1.216627092024999968e+00
7.410865355113359375e+12 1.211641097096999964e+00
7.554446494884493164e+12 1.206788460140000074e+00
7.773327509987122070e+12 1.199803703234000096e+00
7.998550339651763672e+12 1.193091985784999975e+00
8.230298730337688477e+12 1.186640489198999893e+00
8.468761752334778320e+12 1.180437002889000109e+00
8.891155814391712891e+12 1.170404379687000063e+00
9.334617506981025391e+12 1.161005584730000040e+00
9.800197614415445312e+12 1.152192567376999932e+00
1.028899933069522656e+13 1.143921743236999911e+00
1.106304673744648242e+13 1.132517565706999907e+00
1.189532618101785156e+13 1.122113502376000049e+00
1.279021849142740625e+13 1.112607488197999928e+00
1.375243407108124414e+13 1.103910002199000040e+00
1.494461874268381445e+13 1.094834627450000042e+00
1.624015270386282422e+13 1.086614075838000071e+00
1.764799520053809375e+13 1.079157626820000049e+00
1.917788214664782031e+13 1.072385851599999995e+00
2.110240447604251953e+13 1.065352890943999986e+00
2.322005481446766406e+13 1.059040868494000032e+00
2.555021377771964844e+13 1.053369024306000101e+00
2.811420684849078516e+13 1.048266887001999992e+00
3.137645799451771875e+13 1.043032562620000103e+00
3.501724667486017188e+13 1.038386663368999985e+00
3.908049675021266406e+13 1.034258821282999952e+00
4.361522881637467969e+13 1.030587934866000088e+00
4.946561893136675781e+13 1.026873024998000039e+00
5.610075936010414844e+13 1.023619631892999982e+00
6.362591369062147656e+13 1.020768077999000045e+00
7.216046519053993750e+13 1.018266930378999957e+00
8.336238497995523438e+13 1.015773571400000019e+00
9.630324875532229688e+13 1.013625099294999998e+00
1.112530036546108281e+14 1.011772655921000075e+00
1.285235023962405781e+14 1.010174595405999964e+00
1.517036241394191875e+14 1.008606549802999908e+00
1.790644446186646562e+14 1.007281903675000034e+00
2.113599823899390938e+14 1.006162381340999890e+00
2.494802485831583438e+14 1.005215865990999990e+00
3.021983111975729375e+14 1.004302051200999912e+00
3.660563103064721250e+14 1.003548901127000015e+00
4.434082433619999375e+14 1.002927987687999956e+00
5.371055347108040000e+14 1.002415970391999922e+00
6.720758640986427500e+14 1.001929844303000028e+00
8.409631588453658750e+14 1.001541683828000018e+00
1.052290481348840875e+15 1.001231692236999926e+00
1.316722671487201000e+15 1.000984092951000104e+00
1.719675448376779500e+15 1.000753327480000010e+00
2.245942681620270250e+15 1.000576706674999983e+00
2.933261932584543500e+15 1.000441513631999957e+00
3.830919477848214000e+15 1.000338023590999992e+00
5.311531786174694000e+15 1.000243775092999998e+00
7.364386038046684000e+15 1.000175809791000070e+00
1.021064805797686400e+16 1.000126795843000016e+00
1.415696206380398800e+16 1.000091447725000027e+00
2.146584705794468400e+16 1.000060308901999928e+00
3.254812634506922800e+16 1.000039773566999912e+00
4.935190890510172800e+16 1.000026230748999989e+00
7.483106359969628800e+16 1.000017299313000096e+00
1.313958067738389120e+17 1.000009852036999991e+00
2.307177956216865920e+17 1.000005610797999989e+00
4.051171991214340480e+17 1.000003195391000022e+00
7.113449770178723840e+17 1.000001819800999892e+00
1.643921276645314560e+18 1.000000787450000095e+00
3.799109083664335872e+18 1.000000340738999904e+00
8.779757300197490688e+18 1.000000147441999943e+00
2.029005657716756480e+19 1.000000063799999950e+00
2.464897838250113434e+19 1.000000052517999949e+00
2.994432928219107328e+19 1.000000043230999891e+00
3.637728275168459162e+19 1.000000035585999925e+00
4.419223045289057485e+19 1.000000029293000026e+00
5.368606681627484160e+19 1.000000024113000041e+00
6.521946823376021094e+19 1.000000019850000088e+00
7.923059536566650470e+19 1.000000016340000020e+00
9.625173912025918669e+19 1.000000013451999958e+00
1.130157458089271951e+20 1.000000011458000104e+00
1.326995118995842335e+20 1.000000009759999919e+00
1.558115670728449720e+20 1.000000008315000022e+00
1.829490107850554409e+20 1.000000007084999920e+00
2.148129383204894147e+20 1.000000006038999967e+00
2.522265535728524329e+20 1.000000005149999982e+00
2.961564365007022326e+20 1.000000004396000008e+00
3.477375147002199409e+20 1.000000003757000044e+00
3.820694911077527060e+20 1.000000003430000062e+00
4.197910488929714176e+20 1.000000003133999948e+00
4.612368399783343555e+20 1.000000002866999971e+00
5.067745563277173719e+20 1.000000002626999951e+00
5.568081919766391685e+20 1.000000002413000022e+00
6.117816271180487721e+20 1.000000002221999917e+00
6.721825660474484326e+20 1.000000002052999992e+00
7.385468638975269274e+20 1.000000001906999891e+00
8.008813454700127191e+20 1.000000001797000104e+00
8.684769523453828792e+20 1.000000001702999963e+00
9.417777315218368758e+20 1.000000001624000046e+00
1.021265208242185437e+21 1.000000001560999996e+00
1.091565245344356631e+21 1.000000001520999993e+00
1.166704471304436580e+21 1.000000001492999946e+00
1.247015997593790710e+21 1.000000001474999900e+00
1.332855865818276168e+21 1.000000001470999988e+00
1.388378989250073592e+21 1.000000001474000033e+00
1.446215053874377523e+21 1.000000001482999945e+00
1.506460410483685458e+21 1.000000001497000079e+00
1.569215423581036216e+21 1.000000001517000081e+00
1.634584638579609174e+21 1.000000001542999950e+00
1.702676955967313674e+21 1.000000001574999908e+00
1.773605812728895898e+21 1.000000001612999956e+00
1.847489371323016151e+21 1.000000001659000048e+00
1.915191807407940960e+21 1.000000001706000008e+00
1.985375242800749347e+21 1.000000001757999968e+00
2.058130595316738032e+21 1.000000001817999973e+00
2.133552114512749920e+21 1.000000001884000067e+00
2.204601261959378633e+21 1.000000001951000028e+00
2.278016408023151149e+21 1.000000002024000079e+00
2.353876342523451408e+21 1.000000002104000085e+00
2.432262479047970783e+21 1.000000002191000048e+00
2.509643000880049422e+21 1.000000002281999922e+00
2.589485323282789433e+21 1.000000002379999975e+00
2.671867766509194969e+21 1.000000002484999984e+00
2.756871142509875560e+21 1.000000002599999993e+00
2.843358356480434635e+21 1.000000002721000092e+00
2.932558805053976609e+21 1.000000002851000103e+00
3.024557606500285022e+21 1.000000002990000025e+00
3.119442549377434911e+21 1.000000003140000038e+00
3.217899247824952361e+21 1.000000003302000007e+00
3.319463463500790104e+21 1.000000003475000065e+00
3.424233276712633238e+21 1.000000003660000081e+00
3.532309863409399103e+21 1.000000003857999920e+00
3.646366902648478106e+21 1.000000004074999893e+00
3.764106803445918859e+21 1.000000004307000090e+00
3.885648484100499571e+21 1.000000004554999933e+00
4.011114702737434477e+21 1.000000004821000044e+00
4.145379481485850968e+21 1.000000005114999979e+00
4.284138529819486323e+21 1.000000005430000005e+00
4.427542285252353851e+21 1.000000005768000078e+00
4.575746220911364145e+21 1.000000006128999974e+00
4.736240431067153039e+21 1.000000006535000097e+00
4.902363972535508271e+21 1.000000006969999911e+00
5.074314294010874692e+21 1.000000007436000038e+00
5.252295769682460279e+21 1.000000007936999946e+00
5.447034592733621649e+21 1.000000008505000038e+00
5.648993726839259136e+21 1.000000009115999955e+00
5.858440878718062690e+21 1.000000009774000054e+00
6.075653680827910324e+21 1.000000010481000068e+00
6.315356519803944698e+21 1.000000011292000002e+00
6.564516357815675126e+21 1.000000012167000074e+00
6.823506301965261865e+21 1.000000013113000019e+00
7.092714179548902588e+21 1.000000014133000104e+00
7.391499708145643553e+21 1.000000015311000023e+00
7.702871785395400475e+21 1.000000016588999951e+00
8.027360628432916447e+21 1.000000017974000066e+00
8.365518790159574761e+21 1.000000019475999924e+00
8.740848429318883246e+21 1.000000021211999934e+00
9.133017710058033644e+21 1.000000023102000091e+00
9.542782164309360247e+21 1.000000025160000083e+00
9.970931221904477913e+21 1.000000027398999958e+00
1.044125313290220234e+22 1.000000029963000081e+00
1.093375980227869750e+22 1.000000032763000091e+00
1.144949766970031473e+22 1.000000035820000077e+00
1.198956253467115939e+22 1.000000039154000042e+00
1.256881536076674708e+22 1.000000042879999995e+00
1.317605368137335282e+22 1.000000046947999932e+00
1.381262956224014870e+22 1.000000051386999989e+00
1.447996039158382880e+22 1.000000056228000034e+00
1.517388055980320122e+22 1.000000061458999889e+00
1.590105532173678700e+22 1.000000067148999916e+00
1.666307833045572806e+22 1.000000073335000073e+00
1.746161961132861109e+22 1.000000080049999962e+00
1.827291312127017694e+22 1.000000087107999924e+00
1.912190056647566033e+22 1.000000094735000067e+00
2.001033326473326363e+22 1.000000102967999904e+00
2.094004390273550280e+22 1.000000111841000017e+00
2.187708320378983023e+22 1.000000121033999934e+00
2.285605377565513902e+22 1.000000130886999905e+00
2.387883198731060773e+22 1.000000141429999934e+00
2.494737817275603301e+22 1.000000152689999977e+00
2.602931750489935367e+22 1.000000164318999962e+00
2.715817931163135325e+22 1.000000176666999918e+00
2.833599856715047423e+22 1.000000189747999979e+00
2.956489850015947371e+22 1.000000203574999968e+00
3.082610710319127645e+22 1.000000217910999911e+00
3.214111758687988718e+22 1.000000232969999958e+00
3.351222508488978806e+22 1.000000248742999975e+00
3.494182263898769457e+22 1.000000265209000094e+00
3.644187393217029525e+22 1.000000282447000011e+00
3.800632237787694760e+22 1.000000300314999979e+00
3.963793254373027899e+22 1.000000318759000084e+00
4.133958768019598056e+22 1.000000337709000098e+00
4.318873466410892473e+22 1.000000357883999991e+00
4.512059521048000856e+22 1.000000378403999912e+00
4.713886915148638899e+22 1.000000399136999896e+00
4.924742181511714623e+22 1.000000419930999973e+00
5.168048232811520537e+22 1.000000442713999904e+00
5.423374778264711909e+22 1.000000465112999892e+00
5.691315688344149348e+22 1.000000486852999915e+00
5.972494173592311195e+22 1.000000507641999992e+00
6.334205341335677829e+22 1.000000531261000081e+00
6.717822762157408571e+22 1.000000552451999924e+00
7.124673140804700393e+22 1.000000570667000099e+00
7.556163531026210593e+22 1.000000585405000031e+00
8.120604540382799200e+22 1.000000598099999971e+00
8.727208963983304504e+22 1.000000604323000086e+00
9.379126384284119387e+22 1.000000603756999951e+00
1.007974165571221292e+23 1.000000596438999967e+00
1.045811956424531006e+23 1.000000590191999938e+00
1.085070119412027223e+23 1.000000582348000044e+00
1.125801973106029195e+23 1.000000573010999982e+00
1.168062837576157259e+23 1.000000562305999985e+00
1.211910109521567526e+23 1.000000550371999974e+00
1.257403340224735813e+23 1.000000537365000053e+00
1.304604316431077144e+23 1.000000523451000101e+00
1.353577144264873759e+23 1.000000508804999910e+00
1.411832401678630472e+23 1.000000491390000024e+00
1.472594849044982462e+23 1.000000473520999966e+00
1.535972390813321658e+23 1.000000455461000026e+00
1.602077575424701933e+23 1.000000437458999913e+00
1.650114083153511155e+23 1.000000424995000081e+00
1.699590911944278378e+23 1.000000412744999956e+00
1.750551248216204656e+23 1.000000400767999897e+00
1.752613831211455705e+23 1.000000400296999992e+00
1.754678844440391828e+23 1.000000399826999953e+00
1.756746290766522415e+23 1.000000399356000047e+00
1.758816173056441849e+23 1.000000398887000097e+00
1.760888494180446912e+23 1.000000398417999925e+00
1.762963257012229421e+23 1.000000397948999975e+00
1.765040464428258159e+23 1.000000397480999892e+00
1.767120119309322043e+23 1.000000397013000031e+00
1.769433405166459615e+23 1.000000396494999944e+00
1.771749719278877629e+23 1.000000395975999989e+00
1.774069065611054374e+23 1.000000395458999991e+00
1.776391448132714035e+23 1.000000394941999993e+00
1.778534881938363164e+23 1.000000394466000087e+00
1.780680902059292602e+23 1.000000393991000047e+00
1.782829511616356113e+23 1.000000393516000008e+00
1.784980713733803171e+23 1.000000393042000058e+00
1.786945244700987558e+23 1.000000392610000066e+00
1.788911937810474541e+23 1.000000392178000075e+00
1.790880795441322336e+23 1.000000391746999950e+00
1.792851819976599588e+23 1.000000391316000048e+00
1.794203956203572880e+23 1.000000391021000024e+00
1.795557112187124019e+23 1.000000390727000088e+00
1.796911288696512855e+23 1.000000390432000064e+00
1.798266486500998230e+23 1.000000390137999906e+00
1.799073119813316379e+23 1.000000389962999892e+00
1.799880114950953364e+23 1.000000389788000099e+00
1.800687472075289899e+23 1.000000389613000085e+00
1.801495191348941496e+23 1.000000389438999937e+00
1.801881185482040987e+23 1.000000389355000019e+00
1.802267262319630683e+23 1.000000389271999968e+00
1.802653421878990780e+23 1.000000389188999916e+00
1.803039664178326573e+23 1.000000389104999998e+00
