3.403418248021088489e-07 5.075888147159000052e-01
3.894332030283709838e-07 5.075888147159000052e-01
4.456055899362908089e-07 5.075888147159000052e-01
5.098803600678425672e-07 5.075888147159000052e-01
5.834262124497433672e-07 5.075888147159000052e-01
7.835620897604197164e-07 5.075888147159000052e-01
1.052351669172064145e-06 5.075888147159000052e-01
1.413345604745904547e-06 5.075888147159000052e-01
1.898173259920761209e-06 5.075888147159000052e-01
2.549313991269657095e-06 5.075888147159000052e-01
3.423819080853383908e-06 5.075888147160000363e-01
4.598310423337489153e-06 5.075888147160000363e-01
6.175693940025068415e-06 5.075888147160999564e-01
7.289185886065897751e-06 5.075888147161999875e-01
8.603443013461939306e-06 5.075888147163000186e-01
1.015466375022996304e-05 5.075888147164999697e-01
1.198557318492718280e-05 5.075888147167000319e-01
1.414659983872512781e-05 5.075888147170000142e-01
1.669726461214152073e-05 5.075888147174000276e-01
1.970782016218363726e-05 5.075888147179999921e-01
2.326118586289075839e-05 5.075888147188000188e-01
2.595770657503176237e-05 5.075888147196000455e-01
2.896681771114620105e-05 5.075888147204999923e-01
3.232475588262717192e-05 5.075888147216000013e-01
3.607195837979709302e-05 5.075888147229999925e-01
4.025355012975862401e-05 5.075888147246999660e-01
4.491988710423597725e-05 5.075888147268999839e-01
5.012716272111861243e-05 5.075888147296000463e-01
5.593808454235385633e-05 5.075888147329999933e-01
6.149887712715191592e-05 5.075888147364999714e-01
6.761246687013559864e-05 5.075888147409000073e-01
7.433380721429151130e-05 5.075888147460999589e-01
8.172331451221403250e-05 5.075888147524000305e-01
8.859169042206308724e-05 5.075888147588000221e-01
9.603731393771786507e-05 5.075888147663000227e-01
1.041086994099832034e-04 5.075888147750999835e-01
1.128584385426227712e-04 5.075888147853999666e-01
1.210792268076312265e-04 5.075888147959000118e-01
1.298988303723879378e-04 5.075888148079999995e-01
1.393608678962169375e-04 5.075888148218999918e-01
1.495121352909939308e-04 5.075888148380000020e-01
1.591430879813997442e-04 5.075888148542000433e-01
1.693944267664243216e-04 5.075888148725999915e-01
1.803061143496674350e-04 5.075888148934000199e-01
1.919206876664354515e-04 5.075888149170000307e-01
2.030185876095301392e-04 5.075888149410000549e-01
2.147582286001460889e-04 5.075888149677999506e-01
2.271767196025219876e-04 5.075888149977000330e-01
2.403133154234350394e-04 5.075888150313000446e-01
2.529328956075619999e-04 5.075888150652999586e-01
2.662151681761638976e-04 5.075888151028999928e-01
2.801949331138760919e-04 5.075888151445999696e-01
2.949088178580075307e-04 5.075888151908000134e-01
3.091028734044183515e-04 5.075888152377000528e-01
3.239800933753602037e-04 5.075888152891000482e-01
3.395733586927586782e-04 5.075888153455999641e-01
3.559171328476468652e-04 5.075888154076999559e-01
3.717366906212591347e-04 5.075888154705000543e-01
3.882593851225900252e-04 5.075888155390999579e-01
4.055164688851832012e-04 5.075888156139000129e-01
4.235405835332732159e-04 5.075888156954999619e-01
4.410350548782687534e-04 5.075888157780999999e-01
4.592521406304225632e-04 5.075888158676999939e-01
4.782216885952847159e-04 5.075888159647999887e-01
4.979747794511985579e-04 5.075888160700999796e-01
5.183551347047398415e-04 5.075888161831999534e-01
5.395695861758897796e-04 5.075888163057999947e-01
5.616522704885960893e-04 5.075888164385999879e-01
5.846387213565285013e-04 5.075888165824999909e-01
6.085603237933124351e-04 5.075888167383000305e-01
6.334607239769944262e-04 5.075888169072000355e-01
6.593799712743408795e-04 5.075888170901999841e-01
6.863597537476625850e-04 5.075888172885000271e-01
7.144433012588932014e-04 5.075888175032999827e-01
7.436759336877005709e-04 5.075888177360999842e-01
7.741046677484897083e-04 5.075888179883000229e-01
8.057784439227408477e-04 5.075888182615999611e-01
8.387482046360323490e-04 5.075888185576999945e-01
8.730669777600255383e-04 5.075888188785000477e-01
9.087899603744399287e-04 5.075888192260999965e-01
9.459746080380874696e-04 5.075888196026999699e-01
9.846807343872724955e-04 5.075888200107999682e-01
1.024970586350856154e-03 5.075888204530000225e-01
1.066908964698767793e-03 5.075888209321000044e-01
1.110563321633800714e-03 5.075888214510999585e-01
1.156003881331402671e-03 5.075888220136000051e-01
1.203303717690560812e-03 5.075888226229999800e-01
1.252538906133121100e-03 5.075888232833000169e-01
1.303788634832589227e-03 5.075888239988000095e-01
1.357135351728475537e-03 5.075888247738999937e-01
1.412664839763408224e-03 5.075888256138999521e-01
1.470466410710362338e-03 5.075888265239000274e-01
1.530633030683061337e-03 5.075888275100000069e-01
1.593261501588209665e-03 5.075888285784000420e-01
1.658452523600448302e-03 5.075888297359999468e-01
1.726310947886182303e-03 5.075888309903000550e-01
1.796945915775097777e-03 5.075888323493999987e-01
1.870471086105816123e-03 5.075888338219000095e-01
1.947004666775669843e-03 5.075888354173999639e-01
2.026669752131095726e-03 5.075888371461000359e-01
2.109594473137777013e-03 5.075888390192000443e-01
2.195912287342787102e-03 5.075888410486999458e-01
2.285761948613493182e-03 5.075888432477000389e-01
2.379287968760444589e-03 5.075888456303000451e-01
2.476640772554028133e-03 5.075888482118999789e-01
2.577977075461283449e-03 5.075888510091000061e-01
2.683459739197120199e-03 5.075888540398999504e-01
2.793258419725953064e-03 5.075888573237999912e-01
2.907549714796024611e-03 5.075888608819000281e-01
3.026517667739428690e-03 5.075888647370999651e-01
3.150353421826595189e-03 5.075888689142999954e-01
3.279256152443576783e-03 5.075888734401999836e-01
3.413433184618609468e-03 5.075888783441999674e-01
3.553100682158341541e-03 5.075888836577000518e-01
3.698482956819347175e-03 5.075888894148999908e-01
3.849813840224383665e-03 5.075888956528999962e-01
4.007336731687553659e-03 5.075889024117999915e-01
4.171305565261778509e-03 5.075889097351999890e-01
4.341983537644013291e-03 5.075889176700999483e-01
4.519645167732911847e-03 5.075889262675999936e-01
4.704576206959347473e-03 5.075889355831000316e-01
4.897075030288221449e-03 5.075889456766999874e-01
5.097450396658261690e-03 5.075889566129999642e-01
5.306024593389100340e-03 5.075889684626999632e-01
5.523133094952532331e-03 5.075889813018999996e-01
5.749126609611622703e-03 5.075889952134999827e-01
5.984367243212860427e-03 5.075890102867000042e-01
6.229233365941532104e-03 5.075890266186999789e-01
6.484118830007908410e-03 5.075890443145999464e-01
6.749436041873510018e-03 5.075890634886000008e-01
7.025609504952019801e-03 5.075890842636000544e-01
7.313083435394950732e-03 5.075891067734999984e-01
7.612320225791332357e-03 5.075891311633999869e-01
7.923805135384025949e-03 5.075891575904000197e-01
8.248035547797960554e-03 5.075891862243000485e-01
8.585532990199868167e-03 5.075892172492999510e-01
8.936840329873792926e-03 5.075892508654999968e-01
9.302529033638517672e-03 5.075892872898000174e-01
9.683181440806126750e-03 5.075893267555999788e-01
1.007940985473428086e-02 5.075893695173000486e-01
1.049185163375526871e-02 5.075894158504999920e-01
1.092118055154111568e-02 5.075894660544000292e-01
1.136807770475873648e-02 5.075895204506000180e-01
1.183326198954039697e-02 5.075895793897999830e-01
1.231748171939912352e-02 5.075896432516000534e-01
1.282153255535089728e-02 5.075897124492000367e-01
1.334620994882343252e-02 5.075897874256000142e-01
1.389235797118421739e-02 5.075898686637999591e-01
1.446085523452264252e-02 5.075899566873000035e-01
1.505264337780364697e-02 5.075900520667999682e-01
1.566864953591586701e-02 5.075901554119000014e-01
1.630986479367134770e-02 5.075902673886000249e-01
1.697732079450156931e-02 5.075903887182999785e-01
1.767213522409605622e-02 5.075905201903999631e-01
1.839538565353654800e-02 5.075906626428999813e-01
1.914823585556806387e-02 5.075908169938999626e-01
1.993189723151177900e-02 5.075909842382999582e-01
2.074770171204997488e-02 5.075911654685000274e-01
2.159689673954252875e-02 5.075913618360999857e-01
2.248084897555683789e-02 5.075915746071000267e-01
2.340098101855415252e-02 5.075918051530999842e-01
2.435888859133032019e-02 5.075920549883999877e-01
2.535600763636714633e-02 5.075923256940999551e-01
2.639394325586237600e-02 5.075926190155000128e-01
2.747436625608189187e-02 5.075929368441000067e-01
2.859920195881027888e-02 5.075932812840000530e-01
2.977008987422263137e-02 5.075936545020000024e-01
3.098891543881671443e-02 5.075940589052999607e-01
3.225764128127851793e-02 5.075944971022999797e-01
3.357861200991427153e-02 5.075949720251999864e-01
3.495367732193249699e-02 5.075954866374999819e-01
3.638505242459378480e-02 5.075960442595000011e-01
3.787504323929006406e-02 5.075966484892999731e-01
3.942653922203640665e-02 5.075973034303999931e-01
4.104158997801915509e-02 5.075980131223000180e-01
4.272279893596355599e-02 5.075987821467999872e-01
4.447287617025486722e-02 5.075996154692999918e-01
4.629543653643553025e-02 5.076005188629999498e-01
4.819268796320572840e-02 5.076014978102999509e-01
5.016769139418209011e-02 5.076025586368000386e-01
5.222363321470553654e-02 5.076037081976999543e-01
5.436512006702631100e-02 5.076049546751999486e-01
5.659442091572141481e-02 5.076063054627000248e-01
5.891513666917271019e-02 5.076077692986999956e-01
6.133101589500678658e-02 5.076093556534000406e-01
6.384805959797873465e-02 5.076110762368000184e-01
6.646840354648302085e-02 5.076129409260999870e-01
6.919628721437015573e-02 5.076149618035999955e-01
7.203612406462361895e-02 5.076171519645999997e-01
7.499593153297377801e-02 5.076195283812999781e-01
7.807735104477642185e-02 5.076221040646999860e-01
8.128537937412214087e-02 5.076248957411000351e-01
8.462521860150418185e-02 5.076279215405999912e-01
8.810788410957248740e-02 5.076312064696000270e-01
9.173387520356837688e-02 5.076347672923999799e-01
9.550909030342806527e-02 5.076386272039999925e-01
9.943967057256720976e-02 5.076428113500000006e-01
1.035412099986977169e-01 5.076473573454000077e-01
1.078119236142175974e-01 5.076522860129000225e-01
1.122587892641787322e-01 5.076576295967000219e-01
1.168890726052819601e-01 5.076634230582000029e-01
1.217255469364558057e-01 5.076697244533999731e-01
1.267621382113491846e-01 5.076765579716000509e-01
1.320071265919268988e-01 5.076839685906000543e-01
1.374691348452555806e-01 5.076920050897999470e-01
1.431825002984464246e-01 5.077007599237000068e-01
1.491333193795995604e-01 5.077102573821999920e-01
1.553314609174928085e-01 5.077205605143000344e-01
1.617872039000823603e-01 5.077317377214000116e-01
1.685540682143978897e-01 5.077439418672999860e-01
1.756039614181421626e-01 5.077571878672000327e-01
1.829487213949201607e-01 5.077715647357999851e-01
1.906006811563249470e-01 5.077871690909999680e-01
1.986463191005589934e-01 5.078042652759999775e-01
2.070315795977816786e-01 5.078228345362000296e-01
2.157707987986724751e-01 5.078430038880999975e-01
2.248789180118169195e-01 5.078649112955000433e-01
2.345017213651101051e-01 5.078890395801000102e-01
2.445362945062960480e-01 5.079152756353999543e-01
2.550002574939633782e-01 5.079438036942000023e-01
2.659119843672504979e-01 5.079748240807999693e-01
2.775313517190102219e-01 5.080092830287999961e-01
2.896584423235375461e-01 5.080468165499999467e-01
3.023154418036631541e-01 5.080876990707999807e-01
3.155255052116198167e-01 5.081322294850000310e-01
3.297928834668187870e-01 5.081824589511000356e-01
3.447054015883912470e-01 5.082373280811000038e-01
3.602922314003666471e-01 5.082972654720000483e-01
3.765838638132103511e-01 5.083627392464999950e-01
3.947239234474752001e-01 5.084390388963999641e-01
4.137377904727712608e-01 5.085228535068999633e-01
4.336675562256764316e-01 5.086149230151000289e-01
4.545573395842146258e-01 5.087160600303000102e-01
4.803582718670399432e-01 5.088475149054000335e-01
5.076236796927966477e-01 5.089942768266999540e-01
5.364366875234719556e-01 5.091581269156000289e-01
5.668851380127418738e-01 5.093410527563999590e-01
5.964921937255597273e-01 5.095285446707999988e-01
6.276455551872577310e-01 5.097360564741000299e-01
6.604259822515620160e-01 5.099657202558000035e-01
6.949184526649345717e-01 5.102198938312000331e-01
7.244699544195345453e-01 5.104478494048999559e-01
7.552781378075027474e-01 5.106954977433999510e-01
7.873964433854456768e-01 5.109645313263000421e-01
8.208805842783611917e-01 5.112567867017000500e-01
8.514833700973607478e-01 5.115343941494000513e-01
8.832270411046172498e-01 5.118329291247000201e-01
9.161541299968527508e-01 5.121539569548999582e-01
9.503087551080051654e-01 5.124991583679999740e-01
9.826007654279135251e-01 5.128369425112999647e-01
1.015990075888413502e+00 5.131978403549000145e-01
1.050513973346907992e+00 5.135834161858999769e-01
1.086211011689080408e+00 5.139953379720000326e-01
1.120469810696698154e+00 5.144032955227000325e-01
1.155809122879503992e+00 5.148370509447000032e-01
1.192263027328285041e+00 5.152982113530000241e-01
1.229866677979959411e+00 5.157884810763000427e-01
1.266256850744099216e+00 5.162769710376999832e-01
1.303723761904421075e+00 5.167943001453999541e-01
1.342299270764221619e+00 5.173421372883000302e-01
1.382016179303760195e+00 5.179222440541999539e-01
1.420657957924125192e+00 5.185022300125999850e-01
1.460380177626053211e+00 5.191143912793000359e-01
1.501213048015590523e+00 5.197604663614999732e-01
1.543187623373193817e+00 5.204422825225000215e-01
1.584182053971472603e+00 5.211253995405999984e-01
1.626265492358300646e+00 5.218442838885000157e-01
1.669466867778018004e+00 5.226007447406999518e-01
1.713815877976902602e+00 5.233966758804999841e-01
1.757257159367463073e+00 5.241952445829000107e-01
1.801799577090045013e+00 5.250333958038999604e-01
1.847471042411320763e+00 5.259130051061999822e-01
1.894300174084901034e+00 5.268360277551999982e-01
1.940283523315668779e+00 5.277630486590999537e-01
1.987383099232706174e+00 5.287336571780999472e-01
2.035625997775556417e+00 5.297497859866000525e-01
2.085039972624574300e+00 5.308134413231000437e-01
2.133667993778915584e+00 5.318825817278000079e-01
2.183430134409059420e+00 5.329994671425000163e-01
2.234352844841045460e+00 5.341660728167999528e-01
2.286463192283528567e+00 5.353844397352000017e-01
2.337852065958552217e+00 5.366100189990999914e-01
2.390395918356721605e+00 5.378876081304000412e-01
2.444120707933933989e+00 5.392192044901999992e-01
2.499052976570268036e+00 5.406068611783000355e-01
2.553339181781944855e+00 5.420038366145000230e-01
2.608804630533210211e+00 5.434571391914000404e-01
2.665474939189204306e+00 5.449687609669999766e-01
2.723376280574453023e+00 5.465407370657000552e-01
2.780724309141199946e+00 5.481246884095000160e-01
2.839279955033993996e+00 5.497692675116000460e-01
2.899068647890011174e+00 5.514764253671999850e-01
2.960116352836732911e+00 5.532481401458000381e-01
3.020727742520423753e+00 5.550352432178999873e-01
3.082580211986018615e+00 5.568871695057000526e-01
3.145699173603545784e+00 5.588057830252000091e-01
3.210110560086637754e+00 5.607929552899000303e-01
3.274234438433697658e+00 5.627999220099999533e-01
3.339639229601885528e+00 5.648756863127000205e-01
3.406350520591112208e+00 5.670219668811999902e-01
3.474394409516975646e+00 5.692404658831999864e-01
3.542339489049135093e+00 5.714844030228000138e-01
3.611613299084922790e+00 5.738007357330999758e-01
3.682241824209669279e+00 5.761909638058000382e-01
3.754251557162951780e+00 5.786565417193000327e-01
3.826398968117501020e+00 5.811546359233999981e-01
3.899932873510926434e+00 5.837281350155999471e-01
3.974879918330315842e+00 5.863782280185999563e-01
4.051267259614311556e+00 5.891060248662000065e-01
4.128082418159366718e+00 5.918748827351999475e-01
4.206354051482840362e+00 5.947212716215000139e-01
4.286109775471995675e+00 5.976459566406999713e-01
4.367377729632466732e+00 6.006495854261999501e-01
4.449417090078823023e+00 6.037039285599999916e-01
4.532997525531186511e+00 6.068366356172999465e-01
4.618147984438420117e+00 6.100479120602000371e-01
4.704897959033279342e+00 6.133378042767999583e-01
4.792802439869761066e+00 6.166880407203999548e-01
4.882349293785486211e+00 6.201156193257000293e-01
4.973569206240738616e+00 6.236200310270000324e-01
5.066493436007994511e+00 6.272005661833000012e-01
5.160955079350987518e+00 6.308486199321999832e-01
5.257177901743506077e+00 6.345704105031999553e-01
5.355194739268324788e+00 6.383645548413999782e-01
5.455039040245848625e+00 6.422294340897000131e-01
5.556726121634467219e+00 6.461624578496999449e-01
5.660308746289578252e+00 6.501621941898999557e-01
5.765822248933685223e+00 6.542262565616000503e-01
5.873302622950586915e+00 6.583520034287000389e-01
5.982745698753719310e+00 6.625349739620000067e-01
6.094228135989083306e+00 6.667735039579999468e-01
6.207787936105411575e+00 6.710641633238000336e-01
6.323463808657328045e+00 6.754032759300999667e-01
6.440957863810797157e+00 6.797744238812000184e-01
6.560635034651431496e+00 6.841857058289000371e-01
6.682535884870303811e+00 6.886327650546999468e-01
6.806701731883453732e+00 6.931110452538999933e-01
6.929604023977760541e+00 6.974894291540000291e-01
7.054725448624345141e+00 7.018882851244000465e-01
7.182106074642691240e+00 7.063029490618000228e-01
7.311786694332056413e+00 7.107286492290999513e-01
7.439199537622418923e+00 7.150070645774000422e-01
7.568832636137377889e+00 7.192867680925999485e-01
7.700724679334750356e+00 7.235632694014999533e-01
7.834915030856245188e+00 7.278320672985000295e-01
7.970248229028293885e+00 7.320517713663999837e-01
8.107919049808753442e+00 7.362551145660000129e-01
8.247967871166341780e+00 7.404377894934000004e-01
8.390435768524730165e+00 7.445955732287999895e-01
8.539937156181609978e+00 7.488529537518000545e-01
8.692102370306713510e+00 7.530750885929999860e-01
8.846978875158287181e+00 7.572577811924999791e-01
9.004614980706399763e+00 7.613970600470000294e-01
9.164264375051880407e+00 7.654692135363000416e-01
9.326744310094483126e+00 7.694913106998999552e-01
9.492104970545200970e+00 7.734603238456999597e-01
9.660397430902374794e+00 7.773736205944999922e-01
9.791404379322329987e+00 7.803339029815999917e-01
9.924187944140765438e+00 7.832593590809999728e-01
1.005877221848568936e+01 7.861493767635000518e-01
1.019518162219789126e+01 7.890035247811000296e-01
1.033344090629746681e+01 7.918215502140999451e-01
1.047357515745035350e+01 7.946033722249999931e-01
1.061560980253226916e+01 7.973490399513000204e-01
1.075957061323371988e+01 8.000587166100000536e-01
1.097017183909204618e+01 8.038954753092000249e-01
1.118489524397886825e+01 8.076592332901999516e-01
1.140382151289539969e+01 8.113511149977999937e-01
1.162703291012130080e+01 8.149723397996000429e-01
1.185229980641452130e+01 8.184887662113999873e-01
1.208193111579065260e+01 8.219384404288000434e-01
1.231601139617501772e+01 8.253225987172999600e-01
1.255462684375928006e+01 8.286424672894999732e-01
1.291838207978584308e+01 8.334674609019000480e-01
1.329267668694863680e+01 8.381566124377000104e-01
1.367781603086664610e+01 8.427137378647999721e-01
1.407411432475699264e+01 8.471425521500000055e-01
1.477608498981305551e+01 8.544043290520000333e-01
1.551306764946002659e+01 8.613210948198000150e-01
1.628680858715474145e+01 8.679092623028999975e-01
1.709914118526596738e+01 8.741844714074999967e-01
1.838551952651466692e+01 8.829873723886999537e-01
1.976867285890581982e+01 8.911742410458000085e-01
2.125588162134121362e+01 8.987882844746000188e-01
2.285497396437198958e+01 9.058697092816000440e-01
2.483624866013629173e+01 9.133787793755999695e-01
2.698927806567031951e+01 9.202886966455999795e-01
2.932895142393859800e+01 9.266473689937999580e-01
3.187144871140396418e+01 9.324989068314000207e-01
3.506978491173233436e+01 9.386549091882000484e-01
3.858907779473722854e+01 9.442493521318999772e-01
4.246153572928997733e+01 9.493335680350000194e-01
4.672259923080707722e+01 9.539542345470000129e-01
5.214408786491519265e+01 9.587416168860000143e-01
5.819466262636648679e+01 9.630311052734999988e-01
6.494731995254790036e+01 9.668745899856000525e-01
7.248352647219763867e+01 9.703185953206999725e-01
8.220620633152022094e+01 9.738289979549999975e-01
9.323305154051691090e+01 9.769240711930999854e-01
1.057389981542520729e+02 9.796530629135999924e-01
1.199224475218368298e+02 9.820594276955999513e-01
1.385387581919916045e+02 9.844701212338999863e-01
1.600449950613202645e+02 9.865567266095000010e-01
1.848897794268357586e+02 9.883629191681000403e-01
2.135913748717964040e+02 9.899265385133999562e-01
2.521140884651194369e+02 9.914656328809999808e-01
2.975846456381192979e+02 9.927694103486000010e-01
3.512561390706878797e+02 9.938739486775000076e-01
4.146076655610422677e+02 9.948098473926000329e-01
5.022190616438775805e+02 9.957151120061999983e-01
6.083437592433937198e+02 9.964623166613000294e-01
7.368938331387081462e+02 9.970791485936999488e-01
8.926080247676761701e+02 9.975884997988999636e-01
1.116913289434124863e+03 9.980726006421000163e-01
1.397584674906624059e+03 9.984593553149999634e-01
1.748786536977985406e+03 9.987684158953999969e-01
2.188242620876806541e+03 9.990155219327999658e-01
2.857904091499558490e+03 9.992459596602000227e-01
3.732500097698511581e+03 9.994222912133999825e-01
4.874746154273503635e+03 9.995572821824000309e-01
6.366550421058856955e+03 9.996607393266000452e-01
8.827158891037865033e+03 9.997549952265000206e-01
1.223876808230417009e+04 9.998228864853999642e-01
1.696893032304346707e+04 9.998718318224000257e-01
2.352725326371285701e+04 9.999072113804999828e-01
3.567378495303302770e+04 9.999383946227999864e-01
5.409126677944956464e+04 9.999588931537000125e-01
8.201723326127367909e+04 9.999723941264000437e-01
1.243606769141819823e+05 9.999813541930999694e-01
2.183648165351746429e+05 9.999888350137999815e-01
3.834266126851802110e+05 9.999930535733999593e-01
6.732584930481124902e+05 9.999954424368999728e-01
1.182174067906805547e+06 9.999968360058999473e-01
2.732009314352005254e+06 9.999978857875999605e-01
6.313685180832201615e+06 9.999983218989000333e-01
1.459095338849656843e+07 9.999985029033999773e-01
3.371975552909085900e+07 9.999985942765999836e-01
4.096378548471307009e+07 9.999986055601000068e-01
4.976405359136919677e+07 9.999986148463999580e-01
6.045488717758186907e+07 9.999986224903999465e-01
7.344243725932160020e+07 9.999986287840999521e-01
8.922010845451940596e+07 9.999986339648000433e-01
1.083873037128170282e+08 9.999986382287000541e-01
1.316721959839673787e+08 9.999986417384999493e-01
1.599593919337432086e+08 9.999986446285999975e-01
1.878192554624648392e+08 9.999986466240999849e-01
2.205314254825160801e+08 9.999986483238000323e-01
2.589410202144596279e+08 9.999986497717000544e-01
3.040403507254414558e+08 9.999986510055000055e-01
3.569945572652385831e+08 9.999986520568999726e-01
4.191717106394091249e+08 9.999986529533000379e-01
4.921781562900137901e+08 9.999986537178999768e-01
5.779000141961121559e+08 9.999986543711000264e-01
6.349558359425750971e+08 9.999986547090999878e-01
6.976447546184052229e+08 9.999986550178999734e-01
7.665229234787557125e+08 9.999986553001000145e-01
8.422014045521994829e+08 9.999986555586000136e-01
9.253515897622184753e+08 9.999986557955999888e-01
1.016711157268236518e+09 9.999986560136000513e-01
1.117090615880432367e+09 9.999986562146999658e-01
1.227380495598294020e+09 9.999986564010000523e-01
1.330973281141440868e+09 9.999986565509000336e-01
1.443309455760240316e+09 9.999986566926000187e-01
1.565126974825381517e+09 9.999986568273000476e-01
1.697226078267537594e+09 9.999986569562999694e-01
1.814056706893716812e+09 9.999986570587999779e-01
1.938929514437790394e+09 9.999986571590999684e-01
2.072398094101219654e+09 9.999986572578000166e-01
2.215054146348812103e+09 9.999986573557999581e-01
2.307327232981728077e+09 9.999986574158999941e-01
2.403444163581655979e+09 9.999986574761999814e-01
2.503565062155924320e+09 9.999986575370000130e-01
2.607856723040143013e+09 9.999986575985000403e-01
2.716492888764830112e+09 9.999986576609000144e-01
2.829654539497062206e+09 9.999986577245000285e-01
2.947530194543280125e+09 9.999986577895000339e-01
3.070316226407602310e+09 9.999986578562000128e-01
3.182829938965532303e+09 9.999986579167999823e-01
3.299466788874582767e+09 9.999986579791000363e-01
3.420377871154789925e+09 9.999986580434000460e-01
3.545719817799927235e+09 9.999986581099999938e-01
3.663795382219328880e+09 9.999986581727999813e-01
3.785802965982729435e+09 9.999986582379000177e-01
3.911873508766797543e+09 9.999986583055000544e-01
4.042142310651317120e+09 9.999986583758000425e-01
4.170739895826479435e+09 9.999986584458000483e-01
4.303428712245299339e+09 9.999986585187999877e-01
4.440338919218777657e+09 9.999986585950000340e-01
4.581604816974616051e+09 9.999986586746000272e-01
4.725336683881343842e+09 9.999986587567000207e-01
4.873577636662608147e+09 9.999986588427000056e-01
5.026469132156503677e+09 9.999986589328999642e-01
5.184157064915135384e+09 9.999986590275999898e-01
5.347780847294710159e+09 9.999986591277000292e-01
5.516568968218283653e+09 9.999986592328999890e-01
5.690684425949797630e+09 9.999986593437000248e-01
5.870295363355191231e+09 9.999986594605000390e-01
6.059845129512154579e+09 9.999986595865000272e-01
6.255515390746257782e+09 9.999986597197000338e-01
6.457503775681526184e+09 9.999986598604000410e-01
6.666014294294752121e+09 9.999986600093999645e-01
6.889147014420271873e+09 9.999986601728999558e-01
7.119748697045675278e+09 9.999986603463999479e-01
7.358069352129076004e+09 9.999986605306999676e-01
7.604367358241809845e+09 9.999986607265000105e-01
7.871090396184329987e+09 9.999986609447000241e-01
8.147168739516465187e+09 9.999986611773999945e-01
8.432930525406336784e+09 9.999986614256000106e-01
8.728715400402997971e+09 9.999986616905000014e-01
9.052349071917615891e+09 9.999986619895999684e-01
9.387982075354988098e+09 9.999986623101999594e-01
9.736059308691295624e+09 9.999986626539999479e-01
1.009704216534705162e+10 9.999986630224999562e-01
1.049540089338511848e+10 9.999986634434999688e-01
1.090947607318909073e+10 9.999986638972000463e-01
1.133988776612859344e+10 9.999986643860000468e-01
1.178728049685369301e+10 9.999986649129000149e-01
1.228382790378649139e+10 9.999986655200999719e-01
1.280129271634211349e+10 9.999986661777999775e-01
1.334055609481170654e+10 9.999986668904999876e-01
1.390253631897830963e+10 9.999986676627999893e-01
1.452629129113130188e+10 9.999986685551000010e-01
1.517803182335950470e+10 9.999986695268999748e-01
1.585901352340141296e+10 9.999986705854000402e-01
1.657054833343068123e+10 9.999986717380999757e-01
1.735216960681167221e+10 9.999986730591999828e-01
1.817065941361242294e+10 9.999986745037999780e-01
1.902775681698394775e+10 9.999986760832999533e-01
1.992528291048735428e+10 9.999986778099000384e-01
2.088793491745405197e+10 9.999986797438999986e-01
2.189709561845436859e+10 9.999986818617000450e-01
2.295501199226570511e+10 9.999986841800000414e-01
2.406403957614224243e+10 9.999986867171000160e-01
2.521725560292225266e+10 9.999986894697999729e-01
2.642573696452268982e+10 9.999986924779999953e-01
2.769213213024440002e+10 9.999986957640000229e-01
2.901921649141967773e+10 9.999986993517999689e-01
3.036749360013666916e+10 9.999987031454999897e-01
3.177841372205545425e+10 9.999987072724000337e-01
3.325488734722062302e+10 9.999987117592999963e-01
3.479996019149787140e+10 9.999987166345000178e-01
3.635721243633675385e+10 9.999987217293999642e-01
3.798414966186521149e+10 9.999987272410000294e-01
3.968389017891790771e+10 9.999987331990000117e-01
4.145969183859923553e+10 9.999987396339999890e-01
4.325775137768572235e+10 9.999987463607999949e-01
4.513379070780594635e+10 9.999987535965000340e-01
4.709119172354548645e+10 9.999987613719000246e-01
4.913348298839144135e+10 9.999987697183999602e-01
5.122946757097142029e+10 9.999987785195000312e-01
5.341486473137506866e+10 9.999987879345999531e-01
5.569348871949266815e+10 9.999987979936999505e-01
5.806931649729264069e+10 9.999988087261999503e-01
6.056223033885054016e+10 9.999988202339999965e-01
6.316216488937600708e+10 9.999988324798999573e-01
6.587371454435651398e+10 9.999988454891000078e-01
6.870167093660306549e+10 9.999988592842999902e-01
7.177474192572322083e+10 9.999988745021000103e-01
7.498527340414369202e+10 9.999988906108999709e-01
7.833941407017086792e+10 9.999989076226000195e-01
8.184358765723968506e+10 9.999989255433000546e-01
8.588705620912638855e+10 9.999989463442999771e-01
9.013029163827607727e+10 9.999989682358000342e-01
9.458316339334439087e+10 9.999989911922000374e-01
9.925602852141770935e+10 9.999990151751000367e-01
1.052672548095559998e+11 9.999990457303999936e-01
1.116425379920412903e+11 9.999990776052000152e-01
1.184039263857743225e+11 9.999991106396000085e-01
1.255748036162470093e+11 9.999991446453000421e-01
1.349551682168638000e+11 9.999991873176999890e-01
1.450362405829663391e+11 9.999992306702000233e-01
1.558703631760181580e+11 9.999992742227999942e-01
1.675137884087933655e+11 9.999993174932000350e-01
1.738019968841222229e+11 9.999993393627000238e-01
1.803262549778587646e+11 9.999993609720999599e-01
1.870954236274622803e+11 9.999993822645000252e-01
1.941186963963728638e+11 9.999994031872000422e-01
2.014056119601302185e+11 9.999994236924999447e-01
2.089660670614018555e+11 9.999994437375999690e-01
2.168103299512515564e+11 9.999994632862000410e-01
2.249490543350078125e+11 9.999994823079999540e-01
2.346304124465796814e+11 9.999995033829000013e-01
2.447284368791397400e+11 9.999995237136000137e-01
2.552610601191754456e+11 9.999995432863999500e-01
2.662469864315225220e+11 9.999995620984000189e-01
2.742301051129631348e+11 9.999995748376999671e-01
2.824525886966547852e+11 9.999995872118000451e-01
2.909216142719866333e+11 9.999995992281000001e-01
2.912643919970945435e+11 9.999995996998000125e-01
2.916075735992711792e+11 9.999996001708999493e-01
2.919511595543989868e+11 9.999996006414000327e-01
2.922951503388732910e+11 9.999996011113999606e-01
2.926395464297045898e+11 9.999996015808000349e-01
2.929843483044675903e+11 9.999996020496999538e-01
2.933295564411986084e+11 9.999996025180000192e-01
2.936751713186517334e+11 9.999996029858000401e-01
2.940596129946762695e+11 9.999996035047999943e-01
2.944445579321251221e+11 9.999996040231999839e-01
2.948300067898493652e+11 9.999996045408999779e-01
2.952159602275717773e+11 9.999996050578999762e-01
2.955721744335026245e+11 9.999996055338999934e-01
2.959288184554797363e+11 9.999996060093000461e-01
2.962858928121534424e+11 9.999996064841000232e-01
2.966433980227382202e+11 9.999996069583000358e-01
2.969698806212014160e+11 9.999996073903999472e-01
2.972967225430089722e+11 9.999996078220999562e-01
2.976239241835330811e+11 9.999996082532000008e-01
2.979514859388126831e+11 9.999996086839000320e-01
2.981761955291588745e+11 9.999996089788000253e-01
2.984010745913958130e+11 9.999996092734999564e-01
2.986261232533656006e+11 9.999996095679000163e-01
2.988513416429102783e+11 9.999996098622000451e-01
2.989853948821881104e+11 9.999996100371000285e-01
2.991195082526993408e+11 9.999996102118999808e-01
2.992536817812637329e+11 9.999996103867000441e-01
2.993879154949061279e+11 9.999996105613999653e-01
2.994520633091533203e+11 9.999996106448000299e-01
2.995162248679417725e+11 9.999996107281999835e-01
2.995804001741432495e+11 9.999996108116000482e-01
2.996445892307832031e+11 9.999996108950000018e-01
