2.044821096399451490e+05 2.758689919871262208e+18
2.339768935698230343e+05 4.132909055410785280e+18
2.677260461611077772e+05 6.191684370632709120e+18
3.063432234673769563e+05 9.276022005703712768e+18
3.505305961450176546e+05 1.389679755938077696e+19
4.707750193243421963e+05 3.366488740390308250e+19
6.322675431400224334e+05 8.155293614044084634e+19
8.491577286359894788e+05 1.975613734670296678e+20
1.140448937994658481e+06 4.785909390064296264e+20
1.531663360424628481e+06 1.159382944547205415e+21
2.057078200968909310e+06 2.808596449606077252e+21
2.762728961361474358e+06 6.803803742187582128e+21
3.710442952702667564e+06 1.648216331281377106e+22
4.379444425930080004e+06 2.710154161512720315e+22
5.169068416973603889e+06 4.456293412316382023e+22
6.101063445665681735e+06 7.327461757958432699e+22
7.201099340414303355e+06 1.204851001640083259e+23
8.499474259258592501e+06 1.981130689048984452e+23
1.003194918841471151e+07 3.257563633799670006e+23
1.184073290290175937e+07 5.356396166543019512e+23
1.397564451779156551e+07 8.807496374048229561e+23
1.559575172685117833e+07 1.223928014269299353e+24
1.740366761732835695e+07 1.700823617169651151e+24
1.942116365015997365e+07 2.363538494906082171e+24
2.167253511270326748e+07 3.284475921253683297e+24
2.418489368979644775e+07 4.564250635444461259e+24
2.698849395076001436e+07 6.342681256485679209e+24
3.011709768389193341e+07 8.814065820320942690e+24
3.360838046598863602e+07 1.224840933087478368e+25
3.694938211828578264e+07 1.627640462333269787e+25
4.062251200423298776e+07 2.162904098850027226e+25
4.466078691793251038e+07 2.874193809420843117e+25
4.910050584568271786e+07 3.819397290177456200e+25
5.322712177560180426e+07 4.865594191452540599e+25
5.770055610872006416e+07 6.198361950099734818e+25
6.254995694285403192e+07 7.896197124634221434e+25
6.780692210627946258e+07 1.005909779592010944e+26
7.274608621962240338e+07 1.242126523382553864e+26
7.804502690714457631e+07 1.533813798592565072e+26
8.372995086701895297e+07 1.893997692218630654e+26
8.982897373501388729e+07 2.338763193668538288e+26
9.561538428012324870e+07 2.820462051303234365e+26
1.017745314334725589e+08 3.401373086546994427e+26
1.083304253441046029e+08 4.101930344495411834e+26
1.153086227953331172e+08 4.946776528981014353e+26
1.219763956858866811e+08 5.855504573166885244e+26
1.290297355378796607e+08 6.931166913442512043e+26
1.364909379339913130e+08 8.204429555280855584e+26
1.443835877089916766e+08 9.711591881553081913e+26
1.519656072868708968e+08 1.132329614108553879e+27
1.599457816813041866e+08 1.320247360679656707e+27
1.683450192078587413e+08 1.539351326350679466e+27
1.771853261411263049e+08 1.794817074779258336e+27
1.857133124506674409e+08 2.066645774092067935e+27
1.946517534636241794e+08 2.379643483164480093e+27
2.040204044959532320e+08 2.740045332294854777e+27
2.138399716931778193e+08 3.155030774957528997e+27
2.233445823856782615e+08 3.594704555010114174e+27
2.332716474195833504e+08 4.095649696979061010e+27
2.436399437524248362e+08 4.666404758197220649e+27
2.544690829267731309e+08 5.316698198720844257e+27
2.649800050261661708e+08 6.003109236917638023e+27
2.759250839281146526e+08 6.778139206338513683e+27
2.873222526100024581e+08 7.653229232630319651e+27
2.991901847763628960e+08 8.641297545177843884e+27
3.114349861312325597e+08 9.746285521974066680e+27
3.241809241134281754e+08 1.099257154083667943e+28
3.374485084821746945e+08 1.239822379524596563e+28
3.512590883876646161e+08 1.398362091133948292e+28
3.656315203833084106e+08 1.577131176965631357e+28
3.805920277009109855e+08 1.778754419155127855e+28
3.961646725579529405e+08 2.006153533475793263e+28
4.123745017230267525e+08 2.262623753008008135e+28
4.292474882994167805e+08 2.551879822470732158e+28
4.468108611021782756e+08 2.878114675075614207e+28
4.650928684283154011e+08 3.246055715116188100e+28
4.841229144008907080e+08 3.661034702924898183e+28
5.039316059388701916e+08 4.129065008394885699e+28
5.245508029262787104e+08 4.656928771440270162e+28
5.460136685375618935e+08 5.252275160372330982e+28
5.683547228728667498e+08 5.923731220701371921e+28
5.916099027981479168e+08 6.681027034242639691e+28
6.158166071354271173e+08 7.535136312082547876e+28
6.410137690900163651e+08 8.498435785311420966e+28
6.672419148850299120e+08 9.584884438756146816e+28
6.945432361833692789e+08 1.081022612602842088e+29
7.229616368015378714e+08 1.219221677769275730e+29
7.525428239127864838e+08 1.375088256071302539e+29
7.833343748749272823e+08 1.550880980795729800e+29
8.153858255585991144e+08 1.749147307213667531e+29
8.487487155507750511e+08 1.972760217680807182e+29
8.834767046088594198e+08 2.224960047076689138e+29
9.196256480690877438e+08 2.509401378181698031e+29
9.572537058655544519e+08 2.830206169700325293e+29
9.964213800660367012e+08 3.192023017449864168e+29
1.037191666711991668e+09 3.600094949881092176e+29
1.079630139434741735e+09 4.060335270149964177e+29
1.123805086047910452e+09 4.579413625269288486e+29
1.169787527502968550e+09 5.164851605148144728e+29
1.217651420598081350e+09 5.825132706288753409e+29
1.267473748202422857e+09 6.569824965695784396e+29
1.319334693469470501e+09 7.409720458947807132e+29
1.373317621655717373e+09 8.356989343941108407e+29
1.429509357470134258e+09 9.425358380656882436e+29
1.488000278210335493e+09 1.063030917629292349e+30
1.548884540712120295e+09 1.198930442186880073e+30
1.612259994562631845e+09 1.352203571471407436e+30
1.678228571428765297e+09 1.525071373520783610e+30
1.746896373697846889e+09 1.720038861000041527e+30
1.818373977167705059e+09 1.939931713673939885e+30
1.892776223378028393e+09 2.187936059211513006e+30
1.970222779675468445e+09 2.467645719954129191e+30
2.050838209825232029e+09 2.783113958581164527e+30
2.134752388053729534e+09 3.138913156344263975e+30
2.222100083989195824e+09 3.540198470590079968e+30
2.313021786928090096e+09 3.992784940087632343e+30
2.407663734569118023e+09 4.503231009705987174e+30
2.506178494028827667e+09 5.078935671240951401e+30
2.608724197549341202e+09 5.728239882093455506e+30
2.715465779909290314e+09 6.460552791826029468e+30
2.826574924549143314e+09 7.286486438153754544e+30
2.942230899304472446e+09 8.218014215878935793e+30
3.062619210846982479e+09 9.268631448172902807e+30
3.187933493888091087e+09 1.045356289793957811e+31
3.318375306163943768e+09 1.178997970656565764e+31
3.454155358084704399e+09 1.329725868139468910e+31
3.595491207887435913e+09 1.499723423957444511e+31
3.742610185650530815e+09 1.691454146372991160e+31
3.895748923268670082e+09 1.907696487674519317e+31
4.055155200289166927e+09 2.151586439990325462e+31
4.221084064276716232e+09 2.426656545702323941e+31
4.393802406483515739e+09 2.736893032339050033e+31
4.573588038818643570e+09 3.086791745728977020e+31
4.760732511795351028e+09 3.481428503615868266e+31
4.955534660424542427e+09 3.926518301475900037e+31
5.158307825493381500e+09 4.428511387886781153e+31
5.369378169228800774e+09 4.994682651271755172e+31
5.589089036856623650e+09 5.633248648190319609e+31
5.817790305948114395e+09 6.353454669834168616e+31
6.055849856890547752e+09 7.165738288876869700e+31
6.303650623448996544e+09 8.081871503010786210e+31
6.561597418231946945e+09 9.115157215668699598e+31
6.830099453605233192e+09 1.028055063343546056e+32
7.109588652380058289e+09 1.159494194718732676e+32
7.400514611739795685e+09 1.307738077514025315e+32
7.703355375907190323e+09 1.474940996919748972e+32
8.018588863181442261e+09 1.663521858413614047e+32
8.346722203398890495e+09 1.876213954587000688e+32
8.688283278942773819e+09 2.116100042548478997e+32
9.043837839621194839e+09 2.386669901536791135e+32
9.413942920991153717e+09 2.691835386421311240e+32
9.799193980614519119e+09 3.036019940570331279e+32
1.020021084423673820e+10 3.424212588918069406e+32
1.061766503299054909e+10 3.862068983618040257e+32
1.105220396659349251e+10 4.355914117245912025e+32
1.150452685592328262e+10 4.912907218429860197e+32
1.197536152776970482e+10 5.541122946707126791e+32
1.246550822464178467e+10 6.249732559938621859e+32
1.297571642728744507e+10 7.048959981179454773e+32
1.350680724501533127e+10 7.950393392767606278e+32
1.405963539479916382e+10 8.967102841665306528e+32
1.463515960912469101e+10 1.011397284724121207e+33
1.523424262223908234e+10 1.140752337960690117e+33
1.585784880190340805e+10 1.286651406521379742e+33
1.650698199179819489e+10 1.451210371759558920e+33
1.718279895207326126e+10 1.636847672682117005e+33
1.788628472328180695e+10 1.846231216708519062e+33
1.861857210193769073e+10 2.082398498733267199e+33
1.938084026269680786e+10 2.348775539525843962e+33
2.017449787889226532e+10 2.649297970611396117e+33
2.100065627437506104e+10 2.988271176228468065e+33
2.186064637652738571e+10 3.370614655195710482e+33
2.275585361504528046e+10 3.801877288167582613e+33
2.368801401535557175e+10 4.288477447108764586e+33
2.465835900880727386e+10 4.837355870318127486e+33
2.566845277164683151e+10 5.456483021972736418e+33
2.671992355431894302e+10 6.154849365416623231e+33
2.781494321239202499e+10 6.942952984395871088e+33
2.895483830018777084e+10 7.831966919658686898e+33
3.014144787527304459e+10 8.834811220741661850e+33
3.137668636235016251e+10 9.966059993004452710e+33
3.266332149625817871e+10 1.124295318788744677e+34
3.400271650252386093e+10 1.268344017719836394e+34
3.539703485706726074e+10 1.430847879911447466e+34
3.684852875153969574e+10 1.614171141610349498e+34
3.836080367319798279e+10 1.821160438422752977e+34
3.993514282144686127e+10 2.054690915723550081e+34
4.157409333123579407e+10 2.318165461178541053e+34
4.328030687260916901e+10 2.615423170686767868e+34
4.505860043264463043e+10 2.951199267428061074e+34
4.690996020256259918e+10 3.330079779308372850e+34
4.883738831384672546e+10 3.757597336963548189e+34
5.084401024892747498e+10 4.239994524035049487e+34
5.293644420315615082e+10 4.785227099410329373e+34
5.511499016607753754e+10 5.400564648387129331e+34
5.738319199056015015e+10 6.095019357540944934e+34
5.974473937313661194e+10 6.878761542152253474e+34
6.220900139886392975e+10 7.765337727469530564e+34
6.477490563434046173e+10 8.766163209022946776e+34
6.744664446608166504e+10 9.895956793507394946e+34
7.022858320185122681e+10 1.117133258703508896e+35
7.313440435689999390e+10 1.261577041216724802e+35
7.616045855956277466e+10 1.424693141666086574e+35
7.931172064649885559e+10 1.608894429614035140e+35
8.259337129628559875e+10 1.816905357442398476e+35
8.602604085340434265e+10 2.052892232673398959e+35
8.960137585816716003e+10 2.319520787484498023e+35
9.332530564038629150e+10 2.620767608501445158e+35
9.720400595922236633e+10 2.961124864711181881e+35
1.012696323083877869e+11 3.348216393388190791e+35
1.055053063571949005e+11 3.785889123249363537e+35
1.099181404710269470e+11 4.280747703969906093e+35
1.145155444950601501e+11 4.840258057195626105e+35
1.193494758556643372e+11 5.478944936323131383e+35
1.243874571773827515e+11 6.201859539122910459e+35
1.296381018192604370e+11 7.020098311810895673e+35
1.351103867276428223e+11 7.946216910565011169e+35
1.408919010374865417e+11 9.009405135491903681e+35
1.469208123722574158e+11 1.021473045186200187e+36
1.532077071086203308e+11 1.158116830824236518e+36
1.597636246252581787e+11 1.313022090414095235e+36
1.667447023994953613e+11 1.492499594746450101e+36
1.740308273770833130e+11 1.696481988881226547e+36
1.816353289892863770e+11 1.928308402221025435e+36
1.895721191140588379e+11 2.191771320307218003e+36
1.981441587284979248e+11 2.502065700305496020e+36
2.071038073620917664e+11 2.856218162175261587e+36
2.164685918531096802e+11 3.260410270337726972e+36
2.262568315653277893e+11 3.721690338136875194e+36
2.371556321025984192e+11 4.284082043188622843e+36
2.485794282934033508e+11 4.931259122957661212e+36
2.605535091991326294e+11 5.675951353643532648e+36
2.731043820563226013e+11 6.532785265758921526e+36
2.886059416043949585e+11 7.704101312505936589e+36
3.049873784602557983e+11 9.084686392975518070e+36
3.222986349586730957e+11 1.071169411425644882e+37
3.405924881897108765e+11 1.262879550736748263e+37
3.583808197175933838e+11 1.469786313504658565e+37
3.770981932809741211e+11 1.710408363947302717e+37
3.967931305250367432e+11 1.990186873337169260e+37
4.175166872636798706e+11 2.315425152188772415e+37
4.352716411995432129e+11 2.620348855685262025e+37
4.537816269675545654e+11 2.965115012073201265e+37
4.730787523986029663e+11 3.354857734138442835e+37
4.931964907143261108e+11 3.795355581687891284e+37
5.115830707615095215e+11 4.229546558844438050e+37
5.306551105234586792e+11 4.712878892654244416e+37
5.504381642368869629e+11 5.250809130360066452e+37
5.709587388114362793e+11 5.849378125349850836e+37
5.903602284713366699e+11 6.454444225097114959e+37
6.104209913421827393e+11 7.121212807153068119e+37
6.311634298873449707e+11 7.855817243499225316e+37
6.526107078184356689e+11 8.664971291072109457e+37
6.731938715212269287e+11 9.490141770883136297e+37
6.944262225922904053e+11 1.039244788083914212e+38
7.163282362241264648e+11 1.137886156320404435e+38
7.389210333917646484e+11 1.245694454440523148e+38
7.607847561396225586e+11 1.356005812645259172e+38
7.832953983159396973e+11 1.475855680746096078e+38
8.064721014339677734e+11 1.606033517075219616e+38
8.303345733804108887e+11 1.747388567097622963e+38
8.535510922937894287e+11 1.892178516603515638e+38
8.774167552605858154e+11 2.048608702924407251e+38
9.019497126329625244e+11 2.217563508698459976e+38
9.271686222552351074e+11 2.399986944334980285e+38
9.517986472517172852e+11 2.586829954406607357e+38
9.770829632985173340e+11 2.787676851962691118e+38
1.003038951488648193e+12 3.003503696833068374e+38
1.029684454641792236e+12 3.235344399503307564e+38
1.055784581681333374e+12 3.472643135839761276e+38
1.082546286769073120e+12 3.726541080121509063e+38
1.109986339382859863e+12 3.998096044223463365e+38
1.138121934068550537e+12 4.288419731341043819e+38
1.165749370880011963e+12 4.585284741190256694e+38
1.194047452234728027e+12 4.901526534035664212e+38
1.223032457750648926e+12 5.238267155809038165e+38
1.252721062225569336e+12 5.596675910748000382e+38
1.281937454771614014e+12 5.962741259957586887e+38
1.311835242098128906e+12 6.351071844317616368e+38
1.342430315929478027e+12 6.762827991593348763e+38
1.373738938621693848e+12 7.199207583164883184e+38
1.404614089823575928e+12 7.644379164199830478e+38
1.436183168332321533e+12 8.114720055110136558e+38
1.468461770349861328e+12 8.611393848155047344e+38
1.501465842607500732e+12 9.135588642309441489e+38
1.534081750959302979e+12 9.669724645344308932e+38
1.567406165257720947e+12 1.023182946986113008e+39
1.601454476171791748e+12 1.082302556154487224e+39
1.636242408699104736e+12 1.144444337905541340e+39
1.670697903176866211e+12 1.207696837029824783e+39
1.705878950967422363e+12 1.274001165961360319e+39
1.741800830551048828e+12 1.343460076577985785e+39
1.778479142138056641e+12 1.416175137909183679e+39
1.814895309436731689e+12 1.490120504781538414e+39
1.852057134757845703e+12 1.567330565498392413e+39
1.889979886207331055e+12 1.647892303335135110e+39
1.928679144520806641e+12 1.731889233631486909e+39
1.967205663940881104e+12 1.817240920845351280e+39
2.006501773628273926e+12 1.906008432673491915e+39
2.046582846608983887e+12 1.998255884792661151e+39
2.087464562994435303e+12 2.094041400217533028e+39
2.128286913319635986e+12 2.191311858962186843e+39
2.169907583441948975e+12 2.292065171589492027e+39
2.212342185262232422e+12 2.396334776338035170e+39
2.255606635987493164e+12 2.504145447609039240e+39
2.298953805573906250e+12 2.613573418249638048e+39
2.343134000334437500e+12 2.726441755033815101e+39
2.388163228948520508e+12 2.842744862144772342e+39
2.434057807743295410e+12 2.962465794372591545e+39
2.480209425108433105e+12 3.083924071160010024e+39
2.527236112810582031e+12 3.208641762323790184e+39
2.575154462859525391e+12 3.336565597304354960e+39
2.623981381862259766e+12 3.467628438958125033e+39
2.673271772508008301e+12 3.600500130515106034e+39
2.723488062486067383e+12 3.736279002592656041e+39
2.774647644427795410e+12 3.874855659518492902e+39
2.826768237677486816e+12 4.016104743225042407e+39
2.879582474360561035e+12 4.159112260350996134e+39
2.933383471669528809e+12 4.304467520261649744e+39
2.988189665856407715e+12 4.451997655734876663e+39
3.044019837627166992e+12 4.601512512902915735e+39
3.100773708891923828e+12 4.752488037518441729e+39
3.158585721064604980e+12 4.905009755692371522e+39
3.217475602521180176e+12 5.058836807546340608e+39
3.277463449478517090e+12 5.213710965190338682e+39
3.338558464578597168e+12 5.369328404305632827e+39
3.400792348479981445e+12 5.525425785055410154e+39
3.464186330776197266e+12 5.681695465211571191e+39
3.528762036793656250e+12 5.837814174758202868e+39
3.594516961386663086e+12 5.993386476245415690e+39
3.661497162738479980e+12 6.148119068280306849e+39
3.729725472648902832e+12 6.301648374931494467e+39
3.799225148357613281e+12 6.453599327855433305e+39
3.869817213502422363e+12 6.603164569514214208e+39
3.941720924965043945e+12 6.750387991506977710e+39
4.014960653976167969e+12 6.894873791137800482e+39
4.089561224614944336e+12 7.036221555013832642e+39
4.163402633855907227e+12 7.170224196157659199e+39
4.238577328848993164e+12 7.300511841601953445e+39
4.315109383499147949e+12 7.426717451651394261e+39
4.393023306388041016e+12 7.548478524911961395e+39
4.469574717624041992e+12 7.661475297458775702e+39
4.547460089129333984e+12 7.769688081440688392e+39
4.626702666069159180e+12 7.872818171819211681e+39
4.707326098667829102e+12 7.970581141562521347e+39
4.788636169455138672e+12 8.061934967593065213e+39
4.871350716470979492e+12 8.147511855883998237e+39
4.955493999361463867e+12 8.227097117166564598e+39
5.041090696813352539e+12 8.300505017413440065e+39
5.130913213220067383e+12 8.369577989132022530e+39
5.222336193678629883e+12 8.431795956787632599e+39
5.315388155376624023e+12 8.487093900630618496e+39
5.410098123617069336e+12 8.535473984685023866e+39
5.506017703814082031e+12 8.576828761257433017e+39
5.603637912294162109e+12 8.611584828336945191e+39
5.702988900730796875e+12 8.640037353091949926e+39
5.804101355394108398e+12 8.662619208205872264e+39
5.882812155061413086e+12 8.676305864552898565e+39
5.962590370610952148e+12 8.687203154384743049e+39
6.043450477529672852e+12 8.695670771598057489e+39
6.125407147598115234e+12 8.702092099902942647e+39
6.208475251573958984e+12 8.706858347671847237e+39
6.292669861875579102e+12 8.710331134415975438e+39
6.378006255324132812e+12 8.712824696902872787e+39
6.464499915910295898e+12 8.714596896000334134e+39
6.591032066289722656e+12 8.716279368539106049e+39
6.720040879255509766e+12 8.717290299580589317e+39
6.851574831480405273e+12 8.717900811886773991e+39
6.985683348489651367e+12 8.718278080770414556e+39
7.121026837973684570e+12 8.718507250052652597e+39
7.258992527638527344e+12 8.718649346736693852e+39
7.399631221063692383e+12 8.718738657045417105e+39
7.542994706121927734e+12 8.718796250551296023e+39
7.761543919397541016e+12 8.718846461082107198e+39
7.986425333675685547e+12 8.718872591334906872e+39
8.217822416874291016e+12 8.718886590732396689e+39
8.455923952671506836e+12 8.718894721810144318e+39
8.877677707384082031e+12 8.718901355037627812e+39
9.320467156198652344e+12 8.718903827784307266e+39
9.785341490543541016e+12 8.718904796773392402e+39
1.027340223208673438e+13 8.718905352348829043e+39
1.104627626003382031e+13 8.718905655804590930e+39
1.187729405083080664e+13 8.718905751634610151e+39
1.277082979359361133e+13 8.718905783760938545e+39
1.373158675022725586e+13 8.718905805220260403e+39
1.492196418856205469e+13 8.718905813961914753e+39
1.621553424923979102e+13 8.718905817693280012e+39
1.762124259685545703e+13 8.718905819451556231e+39
1.914881038667103125e+13 8.718905820537550010e+39
2.107041533182057031e+13 8.718905821185964627e+39
2.318485552316676562e+13 8.718905821547961748e+39
2.551148219742201172e+13 8.718905821770730509e+39
2.807158850997001953e+13 8.718905821925871959e+39
3.132889440805058984e+13 8.718905822045211072e+39
3.496416401523200781e+13 8.718905822130738946e+39
3.902125460800905469e+13 8.718905822194387682e+39
4.354911247183847656e+13 8.718905822246100693e+39
4.939063397788337500e+13 8.718905822295825021e+39
5.601571619432801562e+13 8.718905822337594617e+39
6.352946314008761719e+13 8.718905822373395746e+39
7.205107710963553125e+13 8.718905822407209401e+39
8.323601590391762500e+13 8.718905822441023056e+39
9.615726261819873438e+13 8.718905822474835503e+39
1.110843551774634688e+14 8.718905822506659266e+39
1.283286735624585938e+14 8.718905822538483029e+39
1.514736565488966250e+14 8.718905822576274050e+39
1.787930007483496562e+14 8.718905822612075179e+39
2.110395816997193438e+14 8.718905822649868618e+39
2.491020613646584375e+14 8.718905822689647114e+39
3.017402086447807500e+14 8.718905822737382758e+39
3.655014053847585000e+14 8.718905822787109504e+39
4.427360806109631250e+14 8.718905822840812407e+39
5.362913361946218125e+14 8.718905822898491467e+39
6.710570640008078750e+14 8.718905822972086035e+39
8.396883424231808750e+14 8.718905823053634126e+39
1.050695313745572250e+15 8.718905823141150684e+39
1.314726651010656000e+15 8.718905823240600549e+39
1.717068591608608000e+15 8.718905823371875386e+39
2.242538056121875250e+15 8.718905823521048369e+39
2.928815399531463000e+15 8.718905823688125544e+39
3.825112185327654000e+15 8.718905823881059225e+39
5.303480032805058000e+15 8.718905824157529679e+39
7.353222362014190000e+15 8.718905824481736988e+39
1.019516973209713000e+16 8.718905824853678732e+39
1.413550151878800000e+16 8.718905825297226362e+39
2.143330697095305600e+16 8.718905826037134903e+39
3.249878662603442800e+16 8.718905826906327180e+39
4.927709632469715200e+16 8.718905827892871095e+39
7.471762715748942400e+16 8.718905829201633635e+39
1.311966238125882400e+17 8.718905833929486224e+39
2.303680504138790400e+17 8.718905836994536300e+39
4.045030817811944320e+17 8.718905836885140603e+39
7.102666488545003520e+17 8.718905843729289165e+39
1.641429255659372544e+18 8.718913084099024760e+39
3.793350012534302720e+18 8.718911686721106977e+39
8.766448062246498304e+18 8.718897918912832493e+39
2.025929887148263014e+19 8.718909209174970257e+39
2.461161298533529600e+19 8.718923933366049167e+39
2.989893666026853171e+19 8.718948970530084092e+39
3.632213841276968960e+19 8.718993068450184536e+39
4.412523943131992883e+19 8.719071619718889271e+39
5.360468408398739866e+19 8.719212468818592428e+39
6.512060201319387136e+19 8.719454789448389769e+39
7.911048967132155085e+19 8.719886511435646944e+39
9.610583106661407130e+19 8.720663002165881297e+39
1.128444251901731799e+20 8.721746755352513837e+39
1.324983526511603384e+20 8.723471183829440401e+39
1.555753722498237399e+20 8.726254910354124132e+39
1.826716782991811215e+20 8.730770921517878924e+39
2.144873032928566313e+20 8.738097991612703544e+39
2.518442032294113772e+20 8.749788642894664136e+39
2.957074928284191293e+20 8.768697544136205631e+39
3.472103792488187822e+20 8.799414718123926650e+39
3.814903117982229463e+20 8.825571271711584604e+39
4.191546874574124483e+20 8.860202929828576029e+39
4.605376508498493440e+20 8.906105485283994049e+39
5.060063365549997425e+20 8.966982739671449631e+39
5.559641261936463053e+20 9.047679173289314261e+39
6.108542270805585428e+20 9.154600102883079652e+39
6.711636042000825057e+20 9.296351520049971063e+39
7.374273003818760274e+20 9.484325705513645921e+39
7.996672890863435121e+20 9.694391955915303727e+39
8.671604277515360666e+20 9.962196299424252879e+39
9.403500902446130790e+20 1.030358279683067398e+40
1.019717071864058216e+21 1.073871566793862311e+40
1.089910541109081932e+21 1.118428445402587987e+40
1.164935863483497316e+21 1.172827367856413211e+40
1.245125645494844129e+21 1.239235469293887040e+40
1.330835389025352417e+21 1.320294529265095960e+40
1.386274344929931559e+21 1.378604369072150873e+40
1.444022735838446354e+21 1.444499326546672610e+40
1.504176766485186216e+21 1.518965785943716586e+40
1.566836649230595523e+21 1.603117499056304353e+40
1.632106771007415255e+21 1.698213725095715145e+40
1.700095867221258011e+21 1.805678576433459221e+40
1.770917202897694884e+21 1.927121560530835609e+40
1.844688761372862579e+21 2.064359187724860068e+40
1.912288567305164030e+21 2.200113601914734784e+40
1.982365611597407453e+21 2.351321312451228296e+40
2.055010674242533720e+21 2.519742442061168977e+40
2.130317861924440375e+21 2.707334763404777856e+40
2.201259305937221452e+21 2.896580253805640886e+40
2.274563161948802253e+21 3.105333073519092189e+40
2.350308100341044871e+21 3.335604523030143248e+40
2.428575411286748168e+21 3.589610177420046482e+40
2.505838631951764292e+21 3.856890583953107895e+40
2.585559921342875173e+21 4.150445809164525008e+40
2.667817480987377926e+21 4.472858272813398085e+40
2.752692000333011354e+21 4.826960396112465600e+40
2.839048108297892135e+21 5.210280591134346654e+40
2.928113337872229073e+21 5.630727505785876736e+40
3.019972678294981575e+21 6.091894561960467365e+40
3.114713785045511832e+21 6.597717918930801294e+40
3.213021232940570903e+21 7.155989190898938449e+40
3.314431487377217683e+21 7.768642330875699242e+40
3.419042479983155479e+21 8.440968009596148378e+40
3.526955233334636577e+21 9.178764493749902849e+40
3.640839373457793221e+21 1.000764035755719323e+41
3.758400792287856034e+21 1.091911913616583766e+41
3.879758227855302459e+21 1.192141671909236121e+41
4.005034252196250124e+21 1.302355538929106990e+41
4.139095498907537900e+21 1.428132884323602632e+41
4.277644202338806137e+21 1.566906813053045069e+41
4.420830571955771933e+21 1.720016517712545110e+41
4.568809845203565281e+21 1.888937403382726939e+41
4.729060762115625714e+21 2.084520135524463231e+41
4.894932476834439234e+21 2.301284836346067016e+41
5.066622138741890744e+21 2.541516639867036248e+41
5.244333812216264393e+21 2.807743938243660356e+41
5.438777430599955120e+21 3.120213958161300001e+41
5.640430414765418873e+21 3.468460576607676525e+41
5.849560065614615151e+21 3.856558070666339865e+41
6.066443594742258205e+21 4.289037951612960428e+41
6.305783068079313388e+21 4.803010838870049342e+41
6.554565204583070564e+21 5.379583181550201447e+41
6.813162545762468364e+21 6.026322385244655496e+41
7.081962331006134387e+21 6.751694871586782844e+41
7.380294930488727962e+21 7.622527607646121668e+41
7.691194998669702070e+21 8.606467971367228792e+41
8.015191948927409586e+21 9.718052526301626043e+41
8.352837496548050862e+21 1.097364485600381666e+42
8.727598173342360666e+21 1.248788415524235472e+42
9.119172964496439247e+21 1.421095299861030527e+42
9.528316256631432151e+21 1.617121760325774445e+42
9.955816282881924268e+21 1.840078113109879582e+42
1.042542523268801023e+22 2.107190296360890018e+42
1.091718531098789020e+22 2.412783104004234270e+42
1.143214137114956399e+22 2.762278292560878246e+42
1.197138755155418468e+22 3.161828345647023223e+42
1.254976228803605011e+22 3.629976330013605230e+42
1.315608009580550396e+22 4.166381885347188183e+42
1.379169099101465110e+22 4.780673310827465703e+42
1.445801021326077041e+22 5.483748779123822959e+42
1.515087846759208688e+22 6.281146401939513720e+42
1.587695090498438955e+22 7.191620091207630643e+42
1.663781876268942334e+22 8.230426577718346066e+42
1.743514953448359041e+22 9.414675418797910035e+42
1.824521320423678489e+22 1.072072122401849388e+43
1.909291366900086237e+22 1.220115653159317101e+43
1.997999959174061805e+22 1.387757886054918374e+43
2.090830088097800336e+22 1.577383914722967010e+43
2.184391972374393651e+22 1.783430927122583718e+43
2.282140627368899772e+22 2.014916101452306289e+43
2.384263405540379669e+22 2.274639129418499968e+43
2.490956043121696807e+22 2.565628288219971132e+43
2.598985965105106544e+22 2.880776422955106482e+43
2.711701021567399179e+22 3.231573900999444239e+43
2.829304401446589327e+22 3.621391110673128249e+43
2.952008105752621220e+22 4.053772204145703412e+43
3.077937779388224792e+22 4.524355023695675796e+43
3.209239485260055236e+22 5.043364961805612841e+43
3.346142388815147722e+22 5.614514811848826118e+43
3.488885431468866247e+22 6.241538147751504166e+43
3.638663167945649789e+22 6.932593742227921391e+43
3.794870857707657206e+22 7.687613199765798512e+43
3.957784538436221901e+22 8.510044726462500890e+43
4.127692098105848837e+22 9.403023235655087440e+43
4.312326484224563479e+22 1.041050531091951992e+44
4.505219688036521791e+22 1.149977860716683758e+44
4.706741131901718128e+22 1.267242483696052476e+44
4.917276762673821149e+22 1.392901183070748054e+44
5.160213986223503861e+22 1.541021011972240620e+44
5.415153482054199620e+22 1.698973387481518303e+44
5.682688220390259006e+22 1.866246777577915010e+44
5.963440467049026735e+22 2.042075802066300209e+44
6.324603316674201282e+22 2.266516767747960000e+44
6.707639211679067983e+22 2.499661762401258167e+44
7.113872845658514260e+22 2.738456590364703239e+44
7.544709139407803777e+22 2.979312819222987109e+44
8.108294512390176349e+22 3.271300295028830942e+44
8.713979384078278853e+22 3.552244487670879184e+44
9.364908562475074873e+22 3.814021604214081093e+44
1.006446177090521667e+23 4.049241142632660037e+44
1.044226609620043306e+23 4.157240994028629689e+44
1.083425261141008570e+23 4.255972812669240168e+44
1.124095369400090016e+23 4.344939583986456469e+44
1.166292170607189515e+23 4.423818392847710947e+44
1.210072974453782327e+23 4.492471726770416944e+44
1.255497241948528858e+23 4.550955158044620121e+44
1.302626666174289292e+23 4.599529338797289735e+44
1.351525256076843895e+23 4.638662001476802252e+44
1.409692204320277806e+23 4.672701686836170141e+44
1.470362541865955439e+23 4.696574971094019562e+44
1.533644009590867330e+23 4.711866075981089907e+44
1.599648985323834725e+23 4.720401997928721264e+44
1.647612674489460898e+23 4.723412308170894517e+44
1.697014501333713950e+23 4.724810064186849515e+44
1.747897586809483129e+23 4.725272795129640350e+44
1.749957043134264750e+23 4.725278444468439186e+44
1.752018926008739687e+23 4.725283547407059584e+44
1.754083238292075724e+23 4.725288136125531424e+44
1.756149982846521610e+23 4.725292242262878245e+44
1.758219162538023793e+23 4.725295896915126245e+44
1.760290780235917720e+23 4.725299130593535191e+44
1.762364838812311439e+23 4.725301973200730938e+44
1.764441341143626757e+23 4.725304454008827363e+44
1.766751120289716429e+23 4.725306820612520763e+44
1.769063923100553356e+23 4.725308814225011845e+44
1.771379753534605555e+23 4.725310471965018791e+44
1.773698615555579561e+23 4.725311829779735917e+44
1.775838800128980602e+23 4.725312845723145200e+44
1.777981567097065146e+23 4.725313662567654143e+44
1.780126919575956787e+23 4.725314305505936759e+44
1.782274860685168120e+23 4.725314798654619467e+44
1.784236413618995730e+23 4.725315137347505763e+44
1.786200125417533714e+23 4.725315387118170269e+44
1.788165998456233525e+23 4.725315563594184232e+44
1.790134035114551002e+23 4.725315681400665559e+44
1.791484121637623190e+23 4.725315735320465892e+44
1.792835226371424235e+23 4.725315772126911024e+44
1.794187350084047298e+23 4.725315795565287330e+44
1.795540493543585203e+23 4.725315809070596764e+44
1.796345904080110381e+23 4.725315813675132368e+44
1.797151675893463583e+23 4.725315816447798767e+44
1.797957809144780240e+23 4.725315817915680325e+44
1.798764303996429911e+23 4.725315818540226423e+44
1.799149713000853081e+23 4.725315818659566219e+44
1.799535204584395018e+23 4.725315818713269445e+44
1.799920778764309412e+23 4.725315818727192210e+44
1.800306435558774040e+23 4.725315818723214164e+44
