3.398259004802754595e-07 3.404618562536778331e-22
3.888428610647036642e-07 5.100601842190564458e-22
4.449300962266160734e-07 7.641425514980933592e-22
5.091074322058699675e-07 1.144794000936222583e-21
5.825417963978140303e-07 1.715063900066431509e-21
7.823742876440943588e-07 4.154729378443072863e-21
1.050756408814147542e-06 1.006480062195893958e-20
1.411203113522356854e-06 2.438190368917934864e-20
1.895295818241601280e-06 5.906497801968392730e-20
2.545449485069601178e-06 1.430844643198669893e-19
3.418628912003591027e-06 3.466210369685177855e-19
4.591339842545312916e-06 8.396868509814264500e-19
6.166332202866520073e-06 2.034135071193037392e-18
7.278136205976849825e-06 3.344718483639182200e-18
8.590401050415718846e-06 5.499704465658371281e-18
1.013927029098695185e-05 9.043137518908919095e-18
1.196740424926723681e-05 1.486958739265007830e-17
1.412515500181069229e-05 2.444999080963116639e-17
1.667195322137577455e-05 4.020300192635162229e-17
1.967794506893613541e-05 6.610560210320496771e-17
2.322592422101547649e-05 1.086971226036136472e-16
2.591835727622354420e-05 1.510502505763494327e-16
2.892290689944392767e-05 2.099059998336808299e-16
3.227575477097458027e-05 2.916945095954461834e-16
3.601727688223175974e-05 4.053513810724771750e-16
4.019252975542126992e-05 5.632939144617481876e-16
4.485179302762767764e-05 7.827777303471993640e-16
5.005117493311353282e-05 1.087781989818051928e-15
5.585328797540545974e-05 1.511629178367063667e-15
6.140565095227968153e-05 2.008741501275502200e-15
6.750997310188441131e-05 2.669333508956066136e-15
7.422112456325786751e-05 3.547166908972194877e-15
8.159943010381901787e-05 4.713683411163392228e-15
8.845739423960695359e-05 6.004840262280545523e-15
9.589173093130122364e-05 7.649666604652697809e-15
1.039508809867809421e-04 9.745038436662630626e-15
1.126873563860229474e-04 1.241436771551352738e-14
1.208956827544865333e-04 1.532962073071578386e-14
1.297019166783223304e-04 1.892945956900798751e-14
1.391496106953093775e-04 2.337464480469877962e-14
1.492854897793800893e-04 2.886368824994034926e-14
1.589018429043687010e-04 3.480854222008999265e-14
1.691376416804225326e-04 4.197781659024340938e-14
1.800327882316613655e-04 5.062369675006344492e-14
1.916297550116326590e-04 6.105030896722152029e-14
2.027108316433249408e-04 7.226531484826427917e-14
2.144326765070024045e-04 8.554052908798228174e-14
2.268323423134086024e-04 1.012544141250862009e-13
2.399490243629417746e-04 1.198549563455833579e-13
2.525494745199200180e-04 1.397456957860633738e-13
2.658116124856961873e-04 1.629374377646586134e-13
2.797701854915937507e-04 1.899780059443471958e-13
2.944617654513733860e-04 2.215061390240112871e-13
3.086343042227415213e-04 2.550536946533807596e-13
3.234889718093892849e-04 2.936820958616307104e-13
3.390585992890382538e-04 3.381608470501337642e-13
3.553775979095002676e-04 3.893759956282608643e-13
3.711731748085291753e-04 4.436380387178154895e-13
3.876708225500020760e-04 5.054618456224961874e-13
4.049017462917332095e-04 5.759011966379174187e-13
4.228985381765047735e-04 6.561567231019411183e-13
4.403664896446977039e-04 7.408696785284068249e-13
4.585559601085515574e-04 8.365194795954206276e-13
4.774967521273146363e-04 9.445181251098433919e-13
4.972198992641164300e-04 1.066459909640330833e-12
5.175693599281695756e-04 1.202831255694183251e-12
5.387516524030084263e-04 1.356640804331230597e-12
5.608008615648575135e-04 1.530118429466311277e-12
5.837524672618143009e-04 1.725779145502717214e-12
6.076378069309482316e-04 1.946405807327284190e-12
6.325004605870454240e-04 2.195237772113396311e-12
6.583804168860194882e-04 2.475880855681371124e-12
6.853193006952296639e-04 2.792401847717333257e-12
7.133602763444423520e-04 3.149385275367358939e-12
7.425485950128999464e-04 3.552005818881312234e-12
7.729312021423497643e-04 4.006097772390782746e-12
8.045569640253743930e-04 4.518241291957559067e-12
8.374767458639069623e-04 5.095857737486616440e-12
8.717434951446347306e-04 5.747317241220439293e-12
9.074123252739999196e-04 6.482059972651423340e-12
9.445406047139077521e-04 7.310732941823235611e-12
9.831880564291444174e-04 8.245344463597422533e-12
1.023416832988425064e-03 9.299437669514649184e-12
1.065291636930162803e-03 1.048828721879272515e-11
1.108879818206327025e-03 1.182912049842917500e-11
1.154251494539507454e-03 1.334136767919677798e-11
1.201479629055935685e-03 1.504694212307203315e-11
1.250640181854692024e-03 1.697055898897531111e-11
1.301812221067895174e-03 1.914009304731425282e-11
1.355078069652187241e-03 2.158698354554026401e-11
1.410523380511796883e-03 2.434668720166855490e-11
1.468237330031942588e-03 2.745919439011653420e-11
1.528312743398975394e-03 3.096960789783680693e-11
1.590846275777547210e-03 3.492879860023379521e-11
1.655938474690858914e-03 3.939413682912799818e-11
1.723694032361387232e-03 4.443032906660297824e-11
1.794221924671428759e-03 5.011035394481907166e-11
1.867635638164120591e-03 5.651652446264508835e-11
1.944053201545392412e-03 6.374166781475695796e-11
2.023597522562906818e-03 7.189048250118770279e-11
2.106396537948559793e-03 8.108105180544987862e-11
2.192583502941070853e-03 9.144656540057790798e-11
2.282296961070758197e-03 1.031372204696050676e-10
2.375681205082654564e-03 1.163224248952325892e-10
2.472886431718170422e-03 1.311932438887545990e-10
2.574069118879300944e-03 1.479651920738654942e-10
2.679391881398810425e-03 1.668812919711875342e-10
2.789024118059561016e-03 1.882156551949348854e-10
2.903142158905192439e-03 2.122774361940119645e-10
3.021929768276431210e-03 2.394153643312074839e-10
3.145577799689538209e-03 2.700226534043632245e-10
3.274285126600511367e-03 3.045428325743954023e-10
3.408258759753485332e-03 3.434761325217308355e-10
3.547714535272298263e-03 3.873868505953471904e-10
3.692876424879234110e-03 4.369112070630166601e-10
3.843977905731591881e-03 4.927668610132895473e-10
4.001262008174345103e-03 5.557632184972684512e-10
4.164982281321671920e-03 6.268134210982320490e-10
4.335401522890541641e-03 7.069468624494401946e-10
4.512793835636288650e-03 7.973247663994859116e-10
4.697444537819063862e-03 8.992568104271917521e-10
4.889651552097031353e-03 1.014220682978326008e-09
5.089723169361104992e-03 1.143881900262071259e-09
5.297981188375429189e-03 1.290119416126032558e-09
5.514760575065899041e-03 1.455052395405807647e-09
5.740411506056770224e-03 1.641072213713760248e-09
5.975295538278118518e-03 1.850873550919056322e-09
6.219790468343701709e-03 2.087496729132220319e-09
6.474289551423049842e-03 2.354370756509661860e-09
6.739204568810549384e-03 2.655365896590266843e-09
7.014959380414972391e-03 2.994841812734451450e-09
7.301997529000369726e-03 3.377718080767098269e-09
7.600780706214644612e-03 3.809543218501561009e-09
7.911793435695957041e-03 4.296581512179649834e-09
8.235532347085178576e-03 4.845886084931604091e-09
8.572518176965783498e-03 5.465417467545047917e-09
8.923292969689061022e-03 6.164153914512359477e-09
9.288427325786989541e-03 6.952235833706526229e-09
9.668502701803236010e-03 7.841073238910022507e-09
1.006413047290453250e-02 8.843547590056522437e-09
1.047594703125139318e-02 9.974187218718510587e-09
1.090462512914203326e-02 1.124940981346498526e-08
1.135084483076863153e-02 1.268767224165845570e-08
1.181532394248849607e-02 1.430981941847691277e-08
1.229880964344586686e-02 1.613936130178844140e-08
1.280209638851383634e-02 1.820288485700421946e-08
1.332597842329495338e-02 2.053024284296862865e-08
1.387129853962855430e-02 2.315516800589003071e-08
1.443893401771556909e-02 2.611570598475099752e-08
1.502982506909002029e-02 2.945492565470779755e-08
1.564489742319636126e-02 3.322110490885122184e-08
1.628514066246073214e-02 3.746883537523463599e-08
1.695158486644587556e-02 4.225968876866965678e-08
1.764534602654109843e-02 4.766346393884360947e-08
1.836750008033765855e-02 5.375822035512968177e-08
1.911920903641695438e-02 6.063231315488984143e-08
1.990168245973637784e-02 6.838539520432203209e-08
2.071625026190389643e-02 7.713065296389125297e-08
2.156415799428096011e-02 8.699426429057462221e-08
2.244677024671210691e-02 9.811924395529568392e-08
2.336550746114094551e-02 1.106668950613148197e-07
2.432196294140644144e-02 1.248209139007449527e-07
2.531757045324455752e-02 1.407851805707630045e-07
2.635393266567791562e-02 1.587912157362422236e-07
2.743271785219644071e-02 1.791001494676524689e-07
2.855584841598857518e-02 2.020104517842557507e-07
2.972496138189522491e-02 2.278513806812334959e-07
3.094193932828014429e-02 2.569978065427829681e-07
3.220874190867961673e-02 2.898725494119759371e-07
3.352771017720712621e-02 3.269613225996598226e-07
3.490069102711437776e-02 3.687954721984786722e-07
3.632989630762830519e-02 4.159821348378778531e-07
3.781762844459359008e-02 4.692061218821717005e-07
3.936677251389762711e-02 5.292595523794204466e-07
4.097937501372940494e-02 5.969990128665824428e-07
4.265803542627538691e-02 6.734081728055207947e-07
4.440545971771789335e-02 7.595965841674962079e-07
4.622525726383826250e-02 8.568598608790874065e-07
4.811963264633657006e-02 9.665769162301614039e-07
5.009164216874369829e-02 1.090342269422181212e-06
5.214446738615760579e-02 1.229954573840670397e-06
5.428270795761754725e-02 1.387541486467603254e-06
5.650862940817610175e-02 1.565318216921221470e-06
5.882582718759653967e-02 1.765871262668130319e-06
6.123804418105013164e-02 1.992118429930044075e-06
6.375127229636626258e-02 2.247572874845270640e-06
6.636764406432710262e-02 2.535782938690891400e-06
6.909139253216288468e-02 2.860948272333704072e-06
7.192692447248663634e-02 3.227806870090172134e-06
7.488224516739439007e-02 3.642202675717685198e-06
7.795899355400448538e-02 4.109795504632412392e-06
8.116215883179547785e-02 4.637413415626600159e-06
8.449693519542450515e-02 5.232760651207104418e-06
8.797432132931815030e-02 5.905655757558541543e-06
9.159481578182064598e-02 6.665070444356709160e-06
9.536430803145085067e-02 7.522127040893842729e-06
9.928892993223210894e-02 8.489377173194072695e-06
1.033842518329435023e-01 9.583539194047473127e-06
1.076484914718161823e-01 1.081870121345833326e-05
1.120886161161836619e-01 1.221302834745903195e-05
1.167118804087346334e-01 1.378702478307767980e-05
1.215410231263437113e-01 1.556966798500183509e-05
1.265699794303093706e-01 1.758275433964522744e-05
1.318070169306952422e-01 1.985606211401094360e-05
1.372607453233115893e-01 2.242321495345726080e-05
1.429654498833003162e-01 2.533563106133214794e-05
1.489072481151923200e-01 2.862620939155124429e-05
1.550959938876035060e-01 3.234402671981173442e-05
1.615419506065678135e-01 3.654452284675532614e-05
1.682985570282945209e-01 4.132178684602343615e-05
1.753377632958321164e-01 4.672329532897403744e-05
1.826713893477324990e-01 5.283055913421673763e-05
1.903117494999711223e-01 5.973571843031005114e-05
1.983451910581086053e-01 6.761802948188217475e-05
2.067177403352573328e-01 7.653983130561120183e-05
2.154437117499196919e-01 8.663806994422858373e-05
2.245380239611450002e-01 9.806770018181597747e-05
2.341462401026046525e-01 1.111889659680974010e-04
2.441656018299546427e-01 1.260644070840045310e-04
2.546137024915289815e-01 1.429282077484976695e-04
2.655088882732520861e-01 1.620457359068933230e-04
2.771106418209353106e-01 1.841958310809180136e-04
2.892193489634841130e-01 2.093701807060604494e-04
3.018571616925337375e-01 2.379808811859402643e-04
3.150471999595630401e-01 2.704959795663416607e-04
3.292929502897929406e-01 3.087907512397843317e-04
3.441828625185892609e-01 3.524982385135324095e-04
3.597460642484007209e-01 4.023813349923501524e-04
3.760130001685078605e-01 4.593099035148498813e-04
3.941255612783986506e-01 5.287170965684729988e-04
4.131106051743125285e-01 6.085880194713572198e-04
4.330101593865516851e-01 7.004937089693764277e-04
4.538682759133133571e-01 8.062392884629642799e-04
4.796300965515489789e-01 9.507964685442321217e-04
5.068541727335966751e-01 1.121180445310544999e-03
5.356235029130348435e-01 1.321976506127783444e-03
5.660257965828229265e-01 1.558574281841392092e-03
5.955879709468705485e-01 1.813926867922141051e-03
6.266941070142334480e-01 2.110888948941713403e-03
6.594248422147405142e-01 2.456175709735786746e-03
6.938650254770505343e-01 2.857566338472109033e-03
7.233717300971496122e-01 3.233885871016765803e-03
7.541332113463765641e-01 3.659376698136477656e-03
7.862028287707745200e-01 4.140375050506162578e-03
8.196362110397906742e-01 4.684012498746207946e-03
8.501926060823141729e-01 5.219866365418597380e-03
8.818881568447359820e-01 5.816367706040410403e-03
9.147653315484448600e-01 6.480250681597347906e-03
9.488681816483767184e-01 7.218970570564174800e-03
9.811112404956453537e-01 7.965708817556935509e-03
1.014449936085740189e+00 8.788596767026066875e-03
1.048921498752900749e+00 9.695203878644725881e-03
1.084564423938957578e+00 1.069381589026470805e-02
1.118771290018099052e+00 1.171219447373127685e-02
1.154057031322031746e+00 1.282576947500939368e-02
1.190455675281033576e+00 1.404314526963169364e-02
1.228002322542154578e+00 1.537365411127919468e-02
1.264337331427403788e+00 1.673505430017760420e-02
1.301747446480627346e+00 1.821417336576920329e-02
1.340264478709589202e+00 1.982075435482683057e-02
1.379921180370012879e+00 2.156527817299138880e-02
1.418504381901180000e+00 2.335219357151334385e-02
1.458166386672799630e+00 2.528276616777689126e-02
1.498937358496163164e+00 2.736791051047626766e-02
1.540848304576530214e+00 2.961927704042253279e-02
1.581780591699443406e+00 3.192518745024414129e-02
1.623800235783520396e+00 3.440392589316155353e-02
1.666936122219247807e+00 3.706753834574818413e-02
1.711217903734076007e+00 3.992878474454425453e-02
1.754593332467079492e+00 4.285739109779222733e-02
1.799068228319054663e+00 4.599085545659883922e-02
1.844670460245972476e+00 4.934223273488920480e-02
1.891428603618262594e+00 5.292524294268653728e-02
1.937342246669716772e+00 5.658898244388956000e-02
1.984370424318916637e+00 6.049185920584774362e-02
2.032540191430657117e+00 6.464772088276758699e-02
2.081879259613479416e+00 6.907099836405054816e-02
2.130433565529175510e+00 7.358876918723400440e-02
2.180120271708462454e+00 7.838132490866357716e-02
2.230965788381319204e+00 8.346298563521237224e-02
2.282997141725206180e+00 8.884853493915878531e-02
2.334308114984035676e+00 9.434258998821683229e-02
2.386772316133255689e+00 1.001472703779144324e-01
2.440415664278330343e+00 1.062769365036570629e-01
2.495264661064489520e+00 1.127462512088287100e-01
2.549468573793821857e+00 1.193382546730548527e-01
2.604849942446942457e+00 1.262754334616399687e-01
2.661434344557132015e+00 1.335716401623176230e-01
2.719247913273521000e+00 1.412408262544109783e-01
2.776509007938553708e+00 1.490470907821556112e-01
2.834975889301997398e+00 1.572299948276883741e-01
2.894673948452230139e+00 1.658022194447262010e-01
2.955629111156186539e+00 1.747762997065538948e-01
3.016148620007610859e+00 1.839022172971383207e-01
3.077907327287552341e+00 1.934310448771318081e-01
3.140930606843415962e+00 2.033735174288129610e-01
3.205244352077422754e+00 2.137399419415183521e-01
3.269271025009107046e+00 2.242735628656748748e-01
3.334576669025611118e+00 2.352287454812837242e-01
3.401186832339500477e+00 2.466134025813576103e-01
3.469127573504229289e+00 2.584347073785597249e-01
3.536969655060457018e+00 2.704392754542632171e-01
3.606138452897158064e+00 2.828736775933772263e-01
3.676659912209619741e+00 2.957420405535691743e-01
3.748560485577062007e+00 3.090474218508604820e-01
3.820598528239628866e+00 3.225524010592920598e-01
3.894020963553542547e+00 3.364819707354662626e-01
3.968854396114743555e+00 3.508354402754262358e-01
4.045125941794506019e+00 3.656107183975162433e-01
4.121824656206954707e+00 3.806004097269234943e-01
4.199977637527065433e+00 3.959923594837396199e-01
4.279612459779164269e+00 4.117799933177751504e-01
4.360757219812196439e+00 4.279550255437263306e-01
4.442672216755988224e+00 4.443532957607599920e-01
4.526125952589506340e+00 4.611103537014040188e-01
4.611147331878650668e+00 4.782126983725300540e-01
4.697765802148885506e+00 4.956448587927584915e-01
4.785537028544224469e+00 5.132940350877166491e-01
4.874948138344733728e+00 5.312329564753462963e-01
4.966029770494594153e+00 5.494402886639945249e-01
5.058813136381095532e+00 5.678925639422938154e-01
5.153131585277419546e+00 5.865251065086847237e-01
5.249208543451173270e+00 6.053484715104751057e-01
5.347076797208899279e+00 6.243329333881901810e-01
5.446769744166679139e+00 6.434466231209098330e-01
5.548302678063919302e+00 6.626520444352085315e-01
5.651728281772780527e+00 6.819166974226985589e-01
5.757081836451844126e+00 7.012026146252443581e-01
5.864399280922524937e+00 7.204698998918159791e-01
5.973676451918936259e+00 7.396697505761817837e-01
6.084989892878686746e+00 7.587659690847122773e-01
6.198377547644096985e+00 7.777136849389981732e-01
6.313878067089960133e+00 7.964666093323324869e-01
6.431194012953572070e+00 8.149251027785821000e-01
6.550689765118318242e+00 8.330945821298583187e-01
6.672405825784754718e+00 8.509261996633368241e-01
6.796383449735834859e+00 8.683705386301411311e-01
6.919099434191527287e+00 8.849083842278268053e-01
7.044031187215485268e+00 9.009877461363067219e-01
7.171218716886853528e+00 9.165633263990806689e-01
7.300702753667822620e+00 9.315903871510434753e-01
7.427922451773031121e+00 9.455358076402582412e-01
7.557359039416962077e+00 9.588908154066183576e-01
7.689051147408071607e+00 9.716185459692182613e-01
7.823038079716704729e+00 9.836838969577166303e-01
7.958166126234152316e+00 9.949582677966423150e-01
8.095628251756869176e+00 1.005519681759870165e+00
8.235464773044595788e+00 1.015341643116064008e+00
8.377716703254746378e+00 1.024401229625482967e+00
8.526991461692359664e+00 1.032925823853660718e+00
8.678926008502475753e+00 1.040604412377791999e+00
8.833567735992261305e+00 1.047428970829317185e+00
8.990964880898674849e+00 1.053399766279804028e+00
9.150372262657086253e+00 1.058503538144623057e+00
9.312605894294730291e+00 1.062792934726940031e+00
9.477715884447578176e+00 1.066304383883808216e+00
9.645753230190114991e+00 1.069091308305562871e+00
9.776561585119369013e+00 1.070780437769606408e+00
9.909143863273524033e+00 1.072125319446071590e+00
1.004352412125780347e+01 1.073170344714669211e+00
1.017972674189495308e+01 1.073962828617462284e+00
1.031777643868498373e+01 1.074551051871941665e+00
1.045769826026494087e+01 1.074979643506239535e+00
1.059951759496594015e+01 1.075287384839130445e+00
1.074326017541116052e+01 1.075506099595735288e+00
1.095354215077862747e+01 1.075713740809602692e+00
1.116794005636159071e+01 1.075838504182408339e+00
1.138653445485083004e+01 1.075913850147002693e+00
1.160940748582154924e+01 1.075960410531881628e+00
1.183433289992765225e+01 1.075988693304318344e+00
1.206361611110095211e+01 1.076006230070762237e+00
1.229734154908538102e+01 1.076017252242290834e+00
1.253559527940775276e+01 1.076024360105982902e+00
1.289879909871211439e+01 1.076030556804785654e+00
1.327252631251536918e+01 1.076033781652315113e+00
1.365708182353262323e+01 1.076035509378516331e+00
1.405277936866504618e+01 1.076036512869993800e+00
1.475368591608136093e+01 1.076037331505290906e+00
1.548955138339059445e+01 1.076037636677654952e+00
1.626211940685772106e+01 1.076037756264789369e+00
1.707322058962636291e+01 1.076037824830757383e+00
1.835764890938206406e+01 1.076037862281545632e+00
1.973870551902860626e+01 1.076037874108342729e+00
2.122365982104723514e+01 1.076037878073191845e+00
2.282032809929224015e+01 1.076037880721579576e+00
2.479859937987425766e+01 1.076037881800425033e+00
2.694836500718595573e+01 1.076037882260928891e+00
2.928449165358190598e+01 1.076037882477925312e+00
3.182313476829151000e+01 1.076037882611952545e+00
3.501662260936779347e+01 1.076037882691976311e+00
3.853058059474423658e+01 1.076037882736651907e+00
4.239716826861165799e+01 1.076037882764144804e+00
4.665177242209361452e+01 1.076037882783291488e+00
5.206504261919798182e+01 1.076037882798019485e+00
5.810644531170853355e+01 1.076037882808575041e+00
6.484886628168069933e+01 1.076037882816430091e+00
7.237364866255434492e+01 1.076037882822812319e+00
8.208158990720401960e+01 1.076037882828948966e+00
9.309171951670096234e+01 1.076037882834103954e+00
1.055787083604666918e+02 1.076037882838522197e+00
1.197406570309200333e+02 1.076037882842695304e+00
1.383287472275461027e+02 1.076037882846868410e+00
1.598023827829502466e+02 1.076037882851041294e+00
1.846095049289242240e+02 1.076037882854968819e+00
2.132675916127325024e+02 1.076037882858896344e+00
2.517319086075846428e+02 1.076037882863560391e+00
2.971335369429768889e+02 1.076037882867978634e+00
3.507236697350567738e+02 1.076037882872642903e+00
4.139791616185547696e+02 1.076037882877552310e+00
5.014577475475537653e+02 1.076037882883443375e+00
6.074215706713259806e+02 1.076037882889580466e+00
7.357767754531112132e+02 1.076037882896208275e+00
8.912549198705362414e+02 1.076037882903326581e+00
1.115220160087671275e+03 1.076037882912409316e+00
1.395466075683548524e+03 1.076037882922473488e+00
1.746135550697805456e+03 1.076037882933274181e+00
2.184925462925857119e+03 1.076037882945547697e+00
2.853571793430906837e+03 1.076037882961748959e+00
3.726841999159586067e+03 1.076037882980159122e+00
4.867356524435279425e+03 1.076037883000778850e+00
6.356899364476808842e+03 1.076037883024589581e+00
8.813777796994481832e+03 1.076037883058710065e+00
1.222021532838798521e+04 1.076037883098721837e+00
1.694320711410714648e+04 1.076037883144624674e+00
2.349158829014770163e+04 1.076037883199364886e+00
3.561970704674035369e+04 1.076037883290680064e+00
5.400926980435982114e+04 1.076037883397950923e+00
8.189290330131775409e+04 1.076037883519704641e+00
1.241721585093782487e+05 1.076037883681224550e+00
2.180337972137947800e+05 1.076037884264709366e+00
3.828453761144545861e+05 1.076037884642980558e+00
6.722379002025332302e+05 1.076037884629479580e+00
1.180382009717576206e+06 1.076037885474145472e+00
2.727867860231374856e+06 1.076038779039494075e+00
6.304114262691052631e+06 1.076038606583040735e+00
1.456883495584069565e+07 1.076036907438266299e+00
3.366863973686094582e+07 1.076038300818354942e+00
4.090168846428892761e+07 1.076040117994468304e+00
4.968861624065352976e+07 1.076043207939184843e+00
6.036324358753312379e+07 1.076048650254258332e+00
7.333110583639456332e+07 1.076058344606117823e+00
8.908485965289162099e+07 1.076075727402781901e+00
1.082229993514712006e+08 1.076105633239909709e+00
1.314725940441915691e+08 1.076158913917853344e+00
1.597169094211919606e+08 1.076254743997731023e+00
1.875345401705430448e+08 1.076388494666475681e+00
2.201971217976804972e+08 1.076601313844159247e+00
2.585484914080848098e+08 1.076944865576113575e+00
3.035794558241191506e+08 1.077502206048704947e+00
3.564533890589437485e+08 1.078406471463754457e+00
4.185362880589810014e+08 1.079849265308615580e+00
4.914320632065300941e+08 1.082182894604913237e+00
5.770239753105447292e+08 1.085973833919765541e+00
6.339933061117402315e+08 1.089201927343207643e+00
6.965871946281912327e+08 1.093475970077305126e+00
7.653609510420871973e+08 1.099141003006365969e+00
8.409247110728031397e+08 1.106654128306562068e+00
9.239488488805091381e+08 1.116613224247243963e+00
1.015169924377982736e+09 1.129808798675398851e+00
1.115397217724740982e+09 1.147302954240907891e+00
1.225519908965454340e+09 1.170501661587372677e+00
1.328955658159456491e+09 1.196426846231298136e+00
1.441121542321768045e+09 1.229477738702790202e+00
1.562754398156206608e+09 1.271609723080489252e+00
1.694653252509383202e+09 1.325311352954613664e+00
1.811306777534268856e+09 1.380300924238886395e+00
1.935990290334491491e+09 1.447436987568879951e+00
2.069256544919335604e+09 1.529394098162664806e+00
2.211696344794613838e+09 1.629432590438244288e+00
2.303829554614939213e+09 1.701395286048089872e+00
2.399800781517517090e+09 1.782719103480169265e+00
2.499769906777623653e+09 1.874621382211589138e+00
2.603903471887260437e+09 1.978476651507587558e+00
2.712374956000568390e+09 2.095839017632476153e+00
2.825365064936708927e+09 2.228466039266648657e+00
2.943062032225624084e+09 2.378344079190425564e+00
3.065661932690265656e+09 2.547714971387357252e+00
3.178005085661867619e+09 2.715255366256644542e+00
3.294465125718866825e+09 2.901867342609266931e+00
3.415192918836292744e+09 3.109723144039887810e+00
3.540344859569408894e+09 3.341238942475697637e+00
3.658241433188801289e+09 3.574794988356063019e+00
3.780064065602339745e+09 3.832425873168038066e+00
3.905943497995179653e+09 4.116613829842835415e+00
4.036014825345656395e+09 4.430093195427178721e+00
4.164417469384919167e+09 4.759955506856258900e+00
4.296905142768598557e+09 5.122244708583973960e+00
4.433607807499139786e+09 5.520147876542551124e+00
4.574659560218469620e+09 5.957160624272441751e+00
4.718173543924967766e+09 6.430232658199188656e+00
4.866189778180744171e+09 6.949124382808353317e+00
5.018849505389408112e+09 7.518270595498949049e+00
5.176298398941451073e+09 8.142529080695513954e+00
5.339674143957386017e+09 8.831515806526025969e+00
5.508206398894251823e+09 9.587617548057984607e+00
5.682057914926849365e+09 1.041736375090364497e+01
5.861396580033271790e+09 1.132791030679980970e+01
6.050659007616391182e+09 1.235086186493965954e+01
6.246032652215472221e+09 1.347575725338337449e+01
6.447714842869221687e+09 1.471273605677735397e+01
6.655909280295619965e+09 1.607293306479166262e+01
6.878703753432609558e+09 1.762520569170829532e+01
7.108955866865950584e+09 1.933787477548289857e+01
7.346915251563542366e+09 2.122746787122518697e+01
7.592839894420536041e+09 2.331219359124990120e+01
7.859158606792587280e+09 2.572596469167313415e+01
8.134818442842698097e+09 2.840115163024143641e+01
8.420147042315716743e+09 3.136595623436797808e+01
8.715483536890342712e+09 3.465158248535804830e+01
9.038626611980041504e+09 3.850791016606193296e+01
9.373750829199956894e+09 4.280577232506284702e+01
9.721300412105232239e+09 4.759545137825558214e+01
1.008173605468989563e+10 5.293287266648529510e+01
1.047949091055700874e+10 5.927603439695541709e+01
1.089293839361388779e+10 6.639176308539666138e+01
1.132269762527885246e+10 7.437345135763693804e+01
1.176941215316677094e+10 8.332558698536675479e+01
1.226520684366711235e+10 9.407291047647761673e+01
1.278188723108590317e+10 1.062161441274361096e+02
1.332033313996301079e+10 1.199346899571009430e+02
1.388146145806075096e+10 1.354304980285001534e+02
1.450427087977724838e+10 1.541183802336549604e+02
1.515502343824613953e+10 1.753835181761355102e+02
1.583497283782959175e+10 1.995759916121421895e+02
1.654542903192754173e+10 2.270919995496956290e+02
1.732586544527660751e+10 2.600574695296836012e+02
1.814311450301942062e+10 2.977719998212509154e+02
1.899891263206039047e+10 3.409047128494976278e+02
1.989507816536410141e+10 3.902149132312471806e+02
2.085627088773025131e+10 4.479910810458242167e+02
2.186390180158028793e+10 5.141912109546539114e+02
2.292021447949549866e+10 5.900035730085570549e+02
2.402756088797010803e+10 6.767731578387985110e+02
2.517902875406816101e+10 7.751834477668413683e+02
2.638567817824129486e+10 8.875489441879915375e+02
2.765015361497457123e+10 1.015752546244979499e+03
2.897522624838335800e+10 1.161905818418109675e+03
3.032145950323852921e+10 1.323090580792011906e+03
3.173024081072425079e+10 1.505797506006673530e+03
3.320447624887196732e+10 1.712692037309456737e+03
3.474720691654534912e+10 1.946717721926268496e+03
3.630209852202170563e+10 2.201009252887355160e+03
3.792656947269478607e+10 2.486695119862870342e+03
3.962373335235045624e+10 2.807230543493673395e+03
4.139684307351522827e+10 3.166352851664750233e+03
4.319217693335597992e+10 3.555290797078403102e+03
4.506537237463095856e+10 3.988225139150663381e+03
4.701980616531025696e+10 4.469315419900030975e+03
4.905900151993003082e+10 5.002935630828041212e+03
5.115180879855986786e+10 5.583702244397100003e+03
5.333389311444735718e+10 6.224234859788907670e+03
5.560906293545967865e+10 6.929115595909466720e+03
5.798128919488684845e+10 7.702952217843987455e+03
6.047042402725643158e+10 8.555813819922517723e+03
6.306641733585382843e+10 9.487615992284776439e+03
6.577385655152033234e+10 1.050261431523428837e+04
6.859752604342868042e+10 1.160467772092700761e+04
7.166593856288551331e+10 1.284805493058036154e+04
7.487160319522647095e+10 1.419237422408483144e+04
7.822065931794352722e+10 1.563958766133502650e+04
8.171952092673124695e+10 1.719039602639869554e+04
8.575685998286262512e+10 1.901840690694494697e+04
8.999366308955992126e+10 2.096776549843449538e+04
9.443978473437721252e+10 2.303215876292731991e+04
9.910556626414868164e+10 2.520214081235542471e+04
1.051076801317142334e+11 2.797206385607727498e+04
1.114732990196205750e+11 3.084940708643278776e+04
1.182244378217151947e+11 3.379647735361258674e+04
1.253844447162418671e+11 3.676898826093408570e+04
1.347505896180369110e+11 4.037253200463698158e+04
1.448163800821080017e+11 4.383978581383154233e+04
1.556340792239582825e+11 4.707049044580384361e+04
1.672598541833046265e+11 4.997343651815038174e+04
1.735385303606414185e+11 5.130630940163520427e+04
1.800528983286655579e+11 5.252480148382080370e+04
1.868118055925373840e+11 5.362277889292989130e+04
1.938244317791700745e+11 5.459625639362829679e+04
2.011003011044209900e+11 5.544353688488477201e+04
2.086492953084810486e+11 5.616530620836962771e+04
2.164816670767676392e+11 5.676478118473185896e+04
2.246080539646527405e+11 5.724773430244353221e+04
2.342747361012073059e+11 5.766783278398227412e+04
2.443574529340908813e+11 5.796246331185539020e+04
2.548741097659268799e+11 5.815117745172742434e+04
2.658433825077475586e+11 5.825652295685990248e+04
2.738143995760695496e+11 5.829367449772599502e+04
2.820244186932820435e+11 5.831092480934506602e+04
2.904806060690211792e+11 5.831663557207319536e+04
2.908228641772249146e+11 5.831670529300704220e+04
2.911655255502599487e+11 5.831676827057993069e+04
2.915085906632874146e+11 5.831682490193952981e+04
2.918520599919802246e+11 5.831687557755671151e+04
2.921959340126260376e+11 5.831692068120099430e+04
2.925402132020755615e+11 5.831696058942502714e+04
2.928848980376403198e+11 5.831699567127005866e+04
2.932299889973488159e+11 5.831702628799589729e+04
2.936138478980676270e+11 5.831705549527579569e+04
2.939982092973165894e+11 5.831708009930992557e+04
2.943830738529479980e+11 5.831710055819643458e+04
2.947684422236844482e+11 5.831711731557521125e+04
2.951241164443439331e+11 5.831712985377229052e+04
2.954802198294913940e+11 5.831713993480371573e+04
2.958367528969908447e+11 5.831714786958317563e+04
2.961937161652697144e+11 5.831715395574439026e+04
2.965197038486184082e+11 5.831715813569980673e+04
2.968460503106129761e+11 5.831716121822762216e+04
2.971727559460264893e+11 5.831716339619445353e+04
2.974998211502971802e+11 5.831716485009519238e+04
2.977241901032765503e+11 5.831716551554277248e+04
2.979487282712442017e+11 5.831716596978703456e+04
2.981734357818483887e+11 5.831716625905018009e+04
2.983983127627373657e+11 5.831716642572504497e+04
2.985321627906508179e+11 5.831716648255160544e+04
2.986660728586447754e+11 5.831716651677028131e+04
2.988000429934981689e+11 5.831716653488604788e+04
2.989340732221950684e+11 5.831716654259384086e+04
2.989981237947424316e+11 5.831716654406666203e+04
2.990621880909956665e+11 5.831716654472943628e+04
2.991262661138222656e+11 5.831716654490126530e+04
2.991903578662431030e+11 5.831716654485216714e+04
